    0.00    0.25    0.50    0.75    1.00    1.25    1.50    2.00    2.50
    3.00    4.00    5.00    6.00    7.00    8.00    9.00   10.00   13.00
   15.00   20.00   25.00   30.00   35.00   40.00   45.00   50.00   55.00
   60.00   65.00   70.00   75.00   80.00   85.00   90.00   95.00  100.00
  105.00  110.00  115.00  118.00  120.00  122.00  125.00  128.00  130.00
  132.00  134.00  135.00  136.00  138.00  139.00  140.00  141.00  142.00
  144.00  145.00  146.00  148.00  150.00  152.00  155.00  160.00  165.00
  168.00  170.00  171.00  172.00  173.00  174.00  175.00  176.00  177.00
  178.00  179.00  180.00
      1     12    412
  1.0000000E+00 -9.7155951E-02
  2.3760200E+03  1.9185000E+03  1.3183700E+03  9.3673297E+02  6.8953802E+02
  5.2284198E+02  4.0626801E+02  2.6004999E+02  1.7686600E+02  1.2606500E+02
  7.1304398E+01  4.4993698E+01  3.0878901E+01  2.2657600E+01  1.7544800E+01
  1.4183400E+01  1.1863300E+01  7.9810400E+00  6.5764098E+00  4.5004101E+00
  3.2450600E+00  2.3671501E+00  1.7297601E+00  1.2643400E+00  9.2485899E-01
  6.7736399E-01  4.9698001E-01  3.6558101E-01  2.7013499E-01  2.0121799E-01
  1.5189700E-01  1.1694100E-01  9.2442401E-02  7.5630799E-02  6.4555198E-02
  5.7921700E-02  5.5010598E-02  5.5346299E-02  5.8237702E-02  6.0313500E-02
  6.1296798E-02  6.1661098E-02  6.2043801E-02  6.4883702E-02  6.9393396E-02
  7.6977298E-02  8.8899203E-02  9.7075298E-02  1.0716800E-01  1.3494501E-01
  1.5365100E-01  1.7597900E-01  2.0107800E-01  2.2570100E-01  2.5611600E-01
  2.6059601E-01  2.5992000E-01  2.5051299E-01  2.3785700E-01  2.2655500E-01
  2.1561401E-01  2.1533699E-01  2.4668001E-01  2.8615099E-01  3.1343499E-01
  3.2344401E-01  3.3269000E-01  3.4694800E-01  3.6808801E-01  3.9455199E-01
  4.2411801E-01  4.5396301E-01  4.8305699E-01  5.2920598E-01  6.3638800E-01
      2     12    412
  1.0000000E+00 -7.8438602E-02
  9.4143496E+03  5.2396099E+03  2.7343601E+03  1.6041700E+03  1.0204900E+03
  6.8832202E+02  4.8544501E+02  2.6685400E+02  1.6198801E+02  1.0591400E+02
  5.3490299E+01  3.1920401E+01  2.1570400E+01  1.6009600E+01  1.2740500E+01
  1.0663200E+01  9.2491798E+00  6.8364401E+00  5.8837299E+00  4.2664099E+00
  3.1378701E+00  2.2976799E+00  1.6717000E+00  1.2068700E+00  8.6632001E-01
  6.1893702E-01  4.3944401E-01  3.1012601E-01  2.1817200E-01  1.5397100E-01
  1.0995400E-01  8.0333203E-02  6.0794599E-02  4.8196401E-02  4.0449500E-02
  3.6274701E-02  3.5015199E-02  3.6642902E-02  4.1699201E-02  4.6616301E-02
  5.0362900E-02  5.3833298E-02  5.5761199E-02  5.3892199E-02  5.5415198E-02
  6.1652701E-02  7.5320899E-02  8.6469501E-02  1.0197200E-01  1.5390299E-01
  1.9465800E-01  2.4050200E-01  2.7252200E-01  2.8307599E-01  2.6624900E-01
  2.5139201E-01  2.3674600E-01  2.1215200E-01  1.9457100E-01  1.8261300E-01
  1.7160399E-01  1.6520400E-01  1.7600399E-01  1.9798300E-01  2.1929701E-01
  2.2960600E-01  2.3985399E-01  2.5489199E-01  2.7768701E-01  3.0748501E-01
  3.4374201E-01  3.8368201E-01  4.2191699E-01  4.6294501E-01  6.5830499E-01
      3     12    412
  9.8172897E-01  4.9177307E-01
  2.4677600E+02  2.3550400E+02  2.0834200E+02  1.7796400E+02  1.5183299E+02
  1.3072501E+02  1.1346200E+02  8.7552498E+01  6.9520699E+01  5.6568699E+01
  3.9769798E+01  2.9789600E+01  2.3433701E+01  1.9155001E+01  1.6138599E+01
  1.3926600E+01  1.2247800E+01  9.0101004E+00  7.6538601E+00  5.4671402E+00
  4.0942502E+00  3.1228099E+00  2.4017701E+00  1.8572600E+00  1.4434201E+00
  1.1278900E+00  8.8700497E-01  7.0278698E-01  5.6167501E-01  4.5353401E-01
  3.7067300E-01  3.0718699E-01  2.5852901E-01  2.2083800E-01  1.9087400E-01
  1.6697900E-01  1.4885800E-01  1.3574000E-01  1.2690900E-01  1.2348300E-01
  1.2193600E-01  1.2093900E-01  1.2064600E-01  1.2174400E-01  1.2337100E-01
  1.2576100E-01  1.2900600E-01  1.3099501E-01  1.3325100E-01  1.3867900E-01
  1.4190599E-01  1.4551599E-01  1.4955001E-01  1.5407000E-01  1.6480599E-01
  1.7118400E-01  1.7835100E-01  1.9544999E-01  2.1727499E-01  2.4522001E-01
  3.0055800E-01  3.8665399E-01  4.1431901E-01  4.1882601E-01  4.3210599E-01
  4.4297799E-01  4.5700601E-01  4.7395101E-01  4.9296099E-01  5.1251900E-01
  5.3042799E-01  5.4363698E-01  5.4887700E-01  5.4896098E-01  5.6075698E-01
      4     12    412
  9.8527598E-01  3.9840993E-01
  3.9144800E+02  3.6618600E+02  3.1022699E+02  2.5503600E+02  2.1153400E+02
  1.7751700E+02  1.5063300E+02  1.1187700E+02  8.6063202E+01  6.8166298E+01
  4.5889500E+01  3.3261799E+01  2.5517401E+01  2.0464500E+01  1.6995899E+01
  1.4509100E+01  1.2656700E+01  9.1690998E+00  7.7417698E+00  5.4733100E+00
  4.0553198E+00  3.0541401E+00  2.3167100E+00  1.7659700E+00  1.3527400E+00
  1.0420800E+00  8.0817902E-01  6.3175797E-01  4.9852300E-01  3.9775500E-01
  3.2153699E-01  2.6394001E-01  2.2055300E-01  1.8801600E-01  1.6372100E-01
  1.4541700E-01  1.3094600E-01  1.1905400E-01  1.1057800E-01  1.0731100E-01
  1.0589800E-01  1.0509000E-01  1.0509500E-01  1.0670700E-01  1.0879000E-01
  1.1184500E-01  1.1603100E-01  1.1863200E-01  1.2161800E-01  1.2893100E-01
  1.3338400E-01  1.3846500E-01  1.4425300E-01  1.5086600E-01  1.6704200E-01
  1.7690000E-01  1.8811999E-01  2.1508500E-01  2.4679001E-01  2.7593601E-01
  3.0209899E-01  3.2263201E-01  3.4625199E-01  3.5920200E-01  3.6672601E-01
  3.7350500E-01  3.8340700E-01  3.9642599E-01  4.1183099E-01  4.2843899E-01
  4.4462100E-01  4.5948499E-01  4.7550601E-01  5.0839001E-01  5.7481003E-01
      5     12    412
  9.9474400E-01  2.1740191E-01
  1.6089800E+03  1.3006400E+03  8.9616998E+02  6.3894397E+02  4.7231601E+02
  3.5992899E+02  2.8131400E+02  1.8264900E+02  1.2644200E+02  9.2044098E+01
  5.4789200E+01  3.6693100E+01  2.6816200E+01  2.0919300E+01  1.7130501E+01
  1.4537600E+01  1.2663200E+01  9.2152300E+00  7.7935901E+00  5.4436998E+00
  3.9155099E+00  2.8382199E+00  2.0645599E+00  1.5074300E+00  1.1060300E+00
  8.1628400E-01  6.0656703E-01  4.5432800E-01  3.4361500E-01  2.6310101E-01
  2.0464700E-01  1.6230100E-01  1.3171899E-01  1.0982200E-01  9.4432101E-02
  8.4064700E-02  7.7803701E-02  7.5031497E-02  7.5089000E-02  7.5835504E-02
  7.6255597E-02  7.6411098E-02  7.6820597E-02  7.9238303E-02  8.2815602E-02
  8.8633597E-02  9.7550802E-02  1.0357000E-01  1.1092800E-01  1.3090301E-01
  1.4421000E-01  1.6000800E-01  1.7772201E-01  1.9516499E-01  2.1750499E-01
  2.2151500E-01  2.2209500E-01  2.1794400E-01  2.1172900E-01  2.0649400E-01
  2.0263000E-01  2.0696899E-01  2.2816101E-01  2.5177601E-01  2.6769599E-01
  2.7347001E-01  2.7912399E-01  2.8868300E-01  3.0347899E-01  3.2246000E-01
  3.4401900E-01  3.6603600E-01  3.8749999E-01  4.1999999E-01  4.9276200E-01
      6     12    412
  9.9834597E-01  1.0061135E-01
  7.3817202E+03  4.1115200E+03  2.1490601E+03  1.2637100E+03  8.0643701E+02
  5.4617200E+02  3.8717200E+02  2.1575800E+02  1.3340700E+02  8.9264099E+01
  4.7753201E+01  3.0419901E+01  2.1898100E+01  1.7155701E+01  1.4237500E+01
  1.2281200E+01  1.0871100E+01  8.2138796E+00  7.0537701E+00  5.0061998E+00
  3.5998399E+00  2.5902100E+00  1.8624901E+00  1.3372600E+00  9.6031600E-01
  6.9047600E-01  4.9680001E-01  3.5804299E-01  2.5927800E-01  1.8970101E-01
  1.4117400E-01  1.0765500E-01  8.4728599E-02  6.9212601E-02  5.8967199E-02
  5.2638698E-02  4.9470000E-02  4.9277801E-02  5.2390698E-02  5.6013301E-02
  5.8907099E-02  6.1680801E-02  6.3448802E-02  6.2471401E-02  6.4119399E-02
  6.9574803E-02  8.0966502E-02  9.0086304E-02  1.0264900E-01  1.4425600E-01
  1.7669000E-01  2.1314000E-01  2.3879001E-01  2.4765199E-01  2.3573300E-01
  2.2475600E-01  2.1396200E-01  1.9608600E-01  1.8371999E-01  1.7574300E-01
  1.6910900E-01  1.6689600E-01  1.7627400E-01  1.9183999E-01  2.0640200E-01
  2.1333700E-01  2.2040600E-01  2.3161200E-01  2.4945500E-01  2.7343801E-01
  3.0311000E-01  3.3613801E-01  3.6796901E-01  4.0163901E-01  5.5528003E-01
      7     12    412
  9.7569102E-01  7.3073250E-01
  1.6917200E+02  1.6166499E+02  1.4357300E+02  1.2333600E+02  1.0592400E+02
  9.1853897E+01  8.0340797E+01  6.3044998E+01  5.0985001E+01  4.2299301E+01
  3.0972300E+01  2.4169399E+01  1.9771400E+01  1.6752800E+01  1.4574100E+01
  1.2932600E+01  1.1649300E+01  9.0248499E+00  7.8366098E+00  5.7659898E+00
  4.3663998E+00  3.3424499E+00  2.5724199E+00  1.9884300E+00  1.5444200E+00
  1.2063700E+00  9.4875300E-01  7.5208300E-01  6.0163498E-01  4.8637399E-01
  3.9797100E-01  3.3010200E-01  2.7795699E-01  2.3763400E-01  2.0598599E-01
  1.8117200E-01  1.6244900E-01  1.4890601E-01  1.3978200E-01  1.3622600E-01
  1.3460100E-01  1.3354599E-01  1.3312601E-01  1.3406500E-01  1.3552199E-01
  1.3767600E-01  1.4058700E-01  1.4235701E-01  1.4435001E-01  1.4908400E-01
  1.5186000E-01  1.5493700E-01  1.5833600E-01  1.6210000E-01  1.7087200E-01
  1.7598100E-01  1.8164299E-01  1.9487201E-01  2.1128701E-01  2.3175000E-01
  2.7115300E-01  3.3162400E-01  3.5291699E-01  3.5991901E-01  3.7331799E-01
  3.8344699E-01  3.9603201E-01  4.1083199E-01  4.2716199E-01  4.4384700E-01
  4.5924699E-01  4.7110799E-01  4.7702700E-01  4.7865400E-01  4.8705101E-01
      8     12    412
  9.9207300E-01  4.1059035E-01
  1.2161899E+03  9.8423499E+02  6.7996600E+02  4.8645001E+02  3.6107901E+02
  2.7650400E+02  2.1732700E+02  1.4301199E+02  1.0062100E+02  7.4622498E+01
  4.6332001E+01  3.2442501E+01  2.4735701E+01  2.0029100E+01  1.6918301E+01
  1.4719000E+01  1.3072800E+01  9.8472500E+00  8.4168997E+00  5.9267502E+00
  4.2588401E+00  3.0794401E+00  2.2360101E+00  1.6319100E+00  1.1988000E+00
  8.8742399E-01  6.6268498E-01  4.9977499E-01  3.8124299E-01  2.9479000E-01
  2.3165999E-01  1.8553001E-01  1.5183200E-01  1.2733100E-01  1.0973200E-01
  9.7452201E-02  8.9475803E-02  8.5111998E-02  8.3718300E-02  8.3784103E-02
  8.3915800E-02  8.3964400E-02  8.4387697E-02  8.6589098E-02  8.9688897E-02
  9.4602600E-02  1.0198100E-01  1.0689600E-01  1.1285400E-01  1.2883300E-01
  1.3937600E-01  1.5182900E-01  1.6576201E-01  1.7952800E-01  1.9773300E-01
  2.0150299E-01  2.0272601E-01  2.0126601E-01  1.9834900E-01  1.9622099E-01
  1.9598000E-01  2.0268400E-01  2.1867800E-01  2.3417400E-01  2.4427301E-01
  2.4787800E-01  2.5169301E-01  2.5884601E-01  2.7039400E-01  2.8554201E-01
  3.0300099E-01  3.2100901E-01  3.3856601E-01  3.6407799E-01  4.1921401E-01
      9     12    412
  9.9727499E-01  2.3064546E-01
  6.0622100E+03  3.3792000E+03  1.7691000E+03  1.0426899E+03  6.6748102E+02
  4.5389200E+02  3.2337701E+02  1.8258900E+02  1.1485300E+02  7.8455597E+01
  4.4028900E+01  2.9445900E+01  2.2110800E+01  1.7899700E+01  1.5209300E+01
  1.3331500E+01  1.1924000E+01  9.1080599E+00  7.8133202E+00  5.4864402E+00
  3.8997300E+00  2.7801001E+00  1.9863400E+00  1.4219000E+00  1.0213400E+00
  7.3691702E-01  5.3403300E-01  3.8914901E-01  2.8596199E-01  2.1289600E-01
  1.6144000E-01  1.2539200E-01  1.0026600E-01  8.2855500E-02  7.0988297E-02
  6.3261598E-02  5.8853500E-02  5.7479899E-02  5.9331201E-02  6.2113602E-02
  6.4453699E-02  6.6775203E-02  6.8439297E-02  6.8040803E-02  6.9769800E-02
  7.4717604E-02  8.4631398E-02  9.2434198E-02  1.0308800E-01  1.3799299E-01
  1.6502599E-01  1.9537701E-01  2.1689200E-01  2.2465600E-01  2.1592200E-01
  2.0746499E-01  1.9917101E-01  1.8565699E-01  1.7667601E-01  1.7128301E-01
  1.6749001E-01  1.6799399E-01  1.7645000E-01  1.8785299E-01  1.9803201E-01
  2.0277600E-01  2.0778100E-01  2.1650000E-01  2.3112699E-01  2.5133601E-01
  2.7673399E-01  3.0527401E-01  3.3294800E-01  3.6184099E-01  4.8839900E-01
     10     12    412
  9.6387601E-01  1.3740511E+00
  1.4502800E+01  1.4497900E+01  1.4483100E+01  1.4458500E+01  1.4424300E+01
  1.4381100E+01  1.4329000E+01  1.4200200E+01  1.4042300E+01  1.3859600E+01
  1.3438300E+01  1.2968200E+01  1.2472200E+01  1.1965000E+01  1.1455900E+01
  1.0951500E+01  1.0456400E+01  9.0542603E+00  8.2008400E+00  6.3615999E+00
  4.9087901E+00  3.7802000E+00  2.9125299E+00  2.2498600E+00  1.7457200E+00
  1.3627800E+00  1.0718200E+00  8.5033202E-01  6.8127799E-01  5.5182499E-01
  4.5237800E-01  3.7577501E-01  3.1667900E-01  2.7111101E-01  2.3610599E-01
  2.0945901E-01  1.8953700E-01  1.7514700E-01  1.6543999E-01  1.6162400E-01
  1.5984100E-01  1.5867400E-01  1.5800001E-01  1.5862300E-01  1.5974000E-01
  1.6142400E-01  1.6366801E-01  1.6500100E-01  1.6647001E-01  1.6982201E-01
  1.7170100E-01  1.7371300E-01  1.7584699E-01  1.7810600E-01  1.8296200E-01
  1.8554200E-01  1.8820301E-01  1.9371900E-01  1.9935200E-01  2.0490400E-01
  2.1254800E-01  2.2194400E-01  2.3054001E-01  2.4251300E-01  2.5615099E-01
  2.6479900E-01  2.7450699E-01  2.8503400E-01  2.9601899E-01  3.0698100E-01
  3.1737900E-01  3.2655400E-01  3.3382499E-01  3.3852801E-01  3.4015000E-01
     11     12    412
  9.8405302E-01  1.2482456E+00
  2.3581301E+01  2.3565599E+01  2.3518801E+01  2.3441700E+01  2.3335899E+01
  2.3203100E+01  2.3045700E+01  2.2667000E+01  2.2220600E+01  2.1726000E+01
  2.0653799E+01  1.9536501E+01  1.8418800E+01  1.7326300E+01  1.6274099E+01
  1.5269700E+01  1.4316400E+01  1.1766200E+01  1.0309400E+01  7.3934102E+00
  5.3012800E+00  3.8118701E+00  2.7565701E+00  2.0098701E+00  1.4804900E+00
  1.1034200E+00  8.3307397E-01  6.3776100E-01  4.9549201E-01  3.9100701E-01
  3.1367701E-01  2.5605699E-01  2.1290100E-01  1.8049200E-01  1.5618500E-01
  1.3810000E-01  1.2491500E-01  1.1571900E-01  1.0991900E-01  1.0791800E-01
  1.0717400E-01  1.0689800E-01  1.0736300E-01  1.0890800E-01  1.1055800E-01
  1.1272600E-01  1.1543300E-01  1.1699500E-01  1.1870000E-01  1.2254900E-01
  1.2469700E-01  1.2699600E-01  1.2944700E-01  1.3204899E-01  1.3769899E-01
  1.4073899E-01  1.4391500E-01  1.5062800E-01  1.5772501E-01  1.6503000E-01
  1.7579199E-01  1.8967301E-01  1.8988501E-01  1.8072701E-01  1.7315599E-01
  1.7017700E-01  1.6840699E-01  1.6825300E-01  1.6993900E-01  1.7345200E-01
  1.7846100E-01  1.8429799E-01  1.8999100E-01  1.9428200E-01  1.9590101E-01
     12     12    412
  9.9241197E-01  1.0611305E+00
  3.3181000E+01  3.3142399E+01  3.3024899E+01  3.2833698E+01  3.2573898E+01
  3.2256599E+01  3.1887699E+01  3.1032801E+01  3.0078501E+01  2.9070101E+01
  2.7011900E+01  2.4995300E+01  2.3082800E+01  2.1299101E+01  1.9649599E+01
  1.8130699E+01  1.6734900E+01  1.3193700E+01  1.1283800E+01  7.6807299E+00
  5.2699800E+00  3.6477699E+00  2.5522399E+00  1.8086400E+00  1.3001400E+00
  9.4910997E-01  7.0415598E-01  5.3127700E-01  4.0788701E-01  3.1887600E-01
  2.5404200E-01  2.0643200E-01  1.7125700E-01  1.4519200E-01  1.2591401E-01
  1.1179900E-01  1.0172800E-01  9.4956502E-02  9.1043502E-02  8.9986302E-02
  8.9796901E-02  9.0051897E-02  9.1241598E-02  9.3487799E-02  9.5587403E-02
  9.8215602E-02  1.0137700E-01  1.0316200E-01  1.0509600E-01  1.0937900E-01
  1.1173100E-01  1.1421700E-01  1.1683900E-01  1.1958300E-01  1.2540700E-01
  1.2846000E-01  1.3159101E-01  1.3800500E-01  1.4449200E-01  1.5090600E-01
  1.6009000E-01  1.7301300E-01  1.7725199E-01  1.6963300E-01  1.5978500E-01
  1.5452000E-01  1.5009600E-01  1.4745000E-01  1.4738700E-01  1.5034799E-01
  1.5621500E-01  1.6425399E-01  1.7293100E-01  1.7999899E-01  1.8281400E-01
      1     12    443
  1.0000000E+00 -9.7257867E-02
  2.0506101E+03  1.6981899E+03  1.1982500E+03  8.6737701E+02  6.4780402E+02
  4.9707501E+02  3.9017599E+02  2.5388699E+02  1.7489900E+02  1.2595700E+02
  7.2339401E+01  4.6108398E+01  3.1840700E+01  2.3440300E+01  1.8171801E+01
  1.4684500E+01  1.2265100E+01  8.1978903E+00  6.7253098E+00  4.5644898E+00
  3.2748699E+00  2.3820601E+00  1.7378500E+00  1.2693900E+00  9.2862397E-01
  6.8071002E-01  5.0027400E-01  3.6887801E-01  2.7343699E-01  2.0446999E-01
  1.5497500E-01  1.1980600E-01  9.5068499E-02  7.8002401E-02  6.6684701E-02
  5.9840601E-02  5.6699399E-02  5.6796301E-02  5.9436899E-02  6.1457500E-02
  6.2561303E-02  6.3222401E-02  6.4194597E-02  6.7598499E-02  7.2458200E-02
  8.0363497E-02  9.2534699E-02  1.0078600E-01  1.1087900E-01  1.3821100E-01
  1.5628199E-01  1.7749000E-01  2.0083199E-01  2.2332899E-01  2.5123399E-01
  2.5576299E-01  2.5565600E-01  2.4781400E-01  2.3651800E-01  2.2627699E-01
  2.1611001E-01  2.1679100E-01  2.4981600E-01  2.9026201E-01  3.1705800E-01
  3.2634801E-01  3.3443600E-01  3.4688300E-01  3.6599401E-01  3.9048100E-01
  4.1812700E-01  4.4634399E-01  4.7541901E-01  5.2396899E-01  6.2642199E-01
      2     12    443
  1.0000000E+00 -8.0459818E-02
  8.1304600E+03  4.7636001E+03  2.5685500E+03  1.5400601E+03  9.9577002E+02
  6.8027399E+02  4.8479901E+02  2.7078299E+02  1.6626401E+02  1.0960700E+02
  5.5884201E+01  3.3444199E+01  2.2568199E+01  1.6685801E+01  1.3212500E+01
  1.1001400E+01  9.4985304E+00  6.9472299E+00  5.9531102E+00  4.2904100E+00
  3.1465099E+00  2.3005099E+00  1.6726201E+00  1.2079300E+00  8.6780399E-01
  6.2091500E-01  4.4186100E-01  3.1292099E-01  2.2122300E-01  1.5701100E-01
  1.1279400E-01  8.2889900E-02  6.3026302E-02  5.0115701E-02  4.2101700E-02
  3.7703998E-02  3.6270499E-02  3.7763700E-02  4.2633802E-02  4.7337402E-02
  5.0992999E-02  5.4421801E-02  5.7006702E-02  5.6357801E-02  5.8505699E-02
  6.5382600E-02  7.9795800E-02  9.1326497E-02  1.0720600E-01  1.5891001E-01
  1.9794600E-01  2.3978700E-01  2.6792201E-01  2.7724600E-01  2.6235500E-01
  2.4888600E-01  2.3527500E-01  2.1204901E-01  1.9509199E-01  1.8336500E-01
  1.7264500E-01  1.6713101E-01  1.7994800E-01  2.0399700E-01  2.2648101E-01
  2.3711000E-01  2.4717800E-01  2.6182300E-01  2.8415599E-01  3.1362101E-01
  3.4910801E-01  3.8730001E-01  4.2339200E-01  4.6598399E-01  6.5690202E-01
      3     12    443
  9.8267400E-01  4.9507034E-01
  2.2248801E+02  2.1366000E+02  1.9178300E+02  1.6617900E+02  1.4324500E+02
  1.2437900E+02  1.0879800E+02  8.4986900E+01  6.8134903E+01  5.5858898E+01
  3.9678799E+01  2.9902500E+01  2.3597799E+01  1.9314301E+01  1.6274500E+01
  1.4035400E+01  1.2331600E+01  9.0413799E+00  7.6662998E+00  5.4626799E+00
  4.0894399E+00  3.1206801E+00  2.4022200E+00  1.8594400E+00  1.4463700E+00
  1.1312701E+00  8.9044702E-01  7.0605898E-01  5.6475502E-01  4.5639899E-01
  3.7326401E-01  3.0949199E-01  2.6054299E-01  2.2259900E-01  1.9249600E-01
  1.6856299E-01  1.5036200E-01  1.3717601E-01  1.2828000E-01  1.2484400E-01
  1.2328000E-01  1.2230800E-01  1.2201500E-01  1.2315700E-01  1.2480200E-01
  1.2723100E-01  1.3054100E-01  1.3256700E-01  1.3486899E-01  1.4039400E-01
  1.4368400E-01  1.4735700E-01  1.5147100E-01  1.5607600E-01  1.6701201E-01
  1.7348200E-01  1.8075401E-01  1.9808100E-01  2.2007500E-01  2.4802300E-01
  3.0252400E-01  3.8777700E-01  4.1652101E-01  4.1946200E-01  4.3036801E-01
  4.3982300E-01  4.5230699E-01  4.6768400E-01  4.8498100E-01  5.0277400E-01
  5.1917899E-01  5.3151000E-01  5.3764600E-01  5.4074597E-01  5.5459499E-01
      4     12    443
  9.8611301E-01  4.0000895E-01
  3.5060300E+02  3.3087701E+02  2.8550699E+02  2.3827400E+02  1.9978200E+02
  1.6930499E+02  1.4483600E+02  1.0901900E+02  8.4730598E+01  6.7649498E+01
  4.6046799E+01  3.3588001E+01  2.5848600E+01  2.0751699E+01  1.7229200E+01
  1.4691900E+01  1.2796800E+01  9.2269402E+00  7.7708302E+00  5.4740901E+00
  4.0513401E+00  3.0511799E+00  2.3156300E+00  1.7663600E+00  1.3540601E+00
  1.0439301E+00  8.1027800E-01  6.3395900E-01  5.0067699E-01  3.9980799E-01
  3.2345799E-01  2.6572099E-01  2.2217301E-01  1.8946201E-01  1.6496500E-01
  1.4646800E-01  1.3186200E-01  1.2001400E-01  1.1161600E-01  1.0837400E-01
  1.0698900E-01  1.0619700E-01  1.0626400E-01  1.0792500E-01  1.1007600E-01
  1.1318200E-01  1.1746000E-01  1.2010000E-01  1.2312100E-01  1.3051599E-01
  1.3500801E-01  1.4012399E-01  1.4594200E-01  1.5255700E-01  1.6867501E-01
  1.7840800E-01  1.8944600E-01  2.1576899E-01  2.4647900E-01  2.7523899E-01
  3.0253801E-01  3.2557601E-01  3.4984800E-01  3.6127701E-01  3.6674699E-01
  3.7208501E-01  3.8038799E-01  3.9182401E-01  4.0563300E-01  4.2058501E-01
  4.3536100E-01  4.4930401E-01  4.6546301E-01  4.9913901E-01  5.6096101E-01
      5     12    443
  9.9508601E-01  2.1537663E-01
  1.4221200E+03  1.1789000E+03  8.3385303E+02  6.0548199E+02  4.5391800E+02
  3.4985901E+02  2.7604199E+02  1.8188400E+02  1.2725300E+02  9.3344299E+01
  5.6050499E+01  3.7640701E+01  2.7483299E+01  2.1378901E+01  1.7444201E+01
  1.4749800E+01  1.2804900E+01  9.2519903E+00  7.8037200E+00  5.4361300E+00
  3.9085801E+00  2.8343501E+00  2.0630901E+00  1.5075001E+00  1.1070100E+00
  8.1777400E-01  6.0832602E-01  4.5615301E-01  3.4540999E-01  2.6480699E-01
  2.0619200E-01  1.6368100E-01  1.3293999E-01  1.1089300E-01  9.5377900E-02
  8.4921002E-02  7.8570001E-02  7.5712800E-02  7.5677000E-02  7.6417997E-02
  7.6926999E-02  7.7274203E-02  7.8050502E-02  8.0831900E-02  8.4660500E-02
  9.0745598E-02  9.9934101E-02  1.0608400E-01  1.1354700E-01  1.3353300E-01
  1.4663100E-01  1.6193800E-01  1.7876001E-01  1.9504300E-01  2.1594200E-01
  2.1994901E-01  2.2079401E-01  2.1732099E-01  2.1156900E-01  2.0660000E-01
  2.0266500E-01  2.0709200E-01  2.2999600E-01  2.5545001E-01  2.7194500E-01
  2.7759501E-01  2.8275701E-01  2.9137599E-01  3.0510199E-01  3.2303700E-01
  3.4355101E-01  3.6466900E-01  3.8631901E-01  4.2100501E-01  4.9215400E-01
      6     12    443
  9.9846703E-01  9.9243544E-02
  6.4549102E+03  3.7845601E+03  2.0435900E+03  1.2278400E+03  7.9610199E+02
  5.4582001E+02  3.9072101E+02  2.2083099E+02  1.3776700E+02  9.2651497E+01
  4.9670898E+01  3.1502899E+01  2.2520399E+01  1.7518299E+01  1.4448800E+01
  1.2402400E+01  1.0939100E+01  8.2173901E+00  7.0467901E+00  4.9974499E+00
  3.5948501E+00  2.5878799E+00  1.8618300E+00  1.3379300E+00  9.6167302E-01
  6.9220299E-01  4.9871799E-01  3.6008400E-01  2.6137501E-01  1.9169000E-01
  1.4295100E-01  1.0918900E-01  8.6009398E-02  7.0265003E-02  5.9834499E-02
  5.3360701E-02  5.0089199E-02  4.9831901E-02  5.2848700E-02  5.6337699E-02
  5.9182599E-02  6.1936900E-02  6.4203098E-02  6.4115196E-02  6.6222303E-02
  7.2184503E-02  8.4227502E-02  9.3717702E-02  1.0668700E-01  1.4852300E-01
  1.7993800E-01  2.1360300E-01  2.3642400E-01  2.4434900E-01  2.3366199E-01
  2.2356801E-01  2.1337800E-01  1.9619501E-01  1.8400100E-01  1.7594500E-01
  1.6922900E-01  1.6735400E-01  1.7829899E-01  1.9592300E-01  2.1193200E-01
  2.1940200E-01  2.2659300E-01  2.3775201E-01  2.5549099E-01  2.7944601E-01
  3.0871099E-01  3.4050700E-01  3.7073699E-01  4.0580699E-01  5.5773801E-01
      7     12    443
  9.7662401E-01  7.3907012E-01
  1.5470399E+02  1.4874100E+02  1.3396400E+02  1.1666800E+02  1.0117200E+02
  8.8421303E+01  7.7885902E+01  6.1771900E+01  5.0348999E+01  4.2008900E+01
  3.0964899E+01  2.4229601E+01  1.9829500E+01  1.6789400E+01  1.4587400E+01
  1.2926300E+01  1.1628300E+01  8.9835596E+00  7.7941098E+00  5.7358298E+00
  4.3510799E+00  3.3375900E+00  2.5738900E+00  1.9932600E+00  1.5506001E+00
  1.2129300E+00  9.5506501E-01  7.5784302E-01  6.0678703E-01  4.9092501E-01
  4.0193501E-01  3.3353400E-01  2.8091601E-01  2.4019800E-01  2.0827200E-01
  1.8327899E-01  1.6438299E-01  1.5070200E-01  1.4146000E-01  1.3785701E-01
  1.3619401E-01  1.3513000E-01  1.3466699E-01  1.3558801E-01  1.3702101E-01
  1.3916400E-01  1.4207500E-01  1.4384399E-01  1.4584599E-01  1.5059499E-01
  1.5338600E-01  1.5647399E-01  1.5990201E-01  1.6369499E-01  1.7254800E-01
  1.7769299E-01  1.8340699E-01  1.9676401E-01  2.1329901E-01  2.3383000E-01
  2.7290899E-01  3.3333200E-01  3.5554299E-01  3.6130500E-01  3.7285301E-01
  3.8186300E-01  3.9322001E-01  4.0676099E-01  4.2171699E-01  4.3698400E-01
  4.5113701E-01  4.6216401E-01  4.6843800E-01  4.7190401E-01  4.8172599E-01
      8     12    443
  9.9249703E-01  4.1087115E-01
  1.0884301E+03  9.0318201E+02  6.4037903E+02  4.6643201E+02  3.5097601E+02
  2.7169501E+02  2.1544299E+02  1.4365500E+02  1.0195600E+02  7.6028801E+01
  4.7402100E+01  3.3144798E+01  2.5169800E+01  2.0284401E+01  1.7057800E+01
  1.4784400E+01  1.3091500E+01  9.8116503E+00  8.3762999E+00  5.8989100E+00
  4.2450299E+00  3.0744901E+00  2.2357700E+00  1.6339300E+00  1.2017200E+00
  8.9054698E-01  6.6569602E-01  5.0248998E-01  3.8362300E-01  2.9684201E-01
  2.3338500E-01  1.8697700E-01  1.5304799E-01  1.2835599E-01  1.1061200E-01
  9.8237097E-02  9.0182103E-02  8.5756399E-02  8.4299602E-02  8.4361203E-02
  8.4554300E-02  8.4734797E-02  8.5407101E-02  8.7858103E-02  9.1139197E-02
  9.6257903E-02  1.0386300E-01  1.0889700E-01  1.1496400E-01  1.3105001E-01
  1.4150700E-01  1.5368000E-01  1.6704200E-01  1.8002500E-01  1.9720399E-01
  2.0093399E-01  2.0228399E-01  2.0113100E-01  1.9832300E-01  1.9615300E-01
  1.9552700E-01  2.0194300E-01  2.1947300E-01  2.3696600E-01  2.4799301E-01
  2.5171000E-01  2.5531799E-01  2.6190501E-01  2.7277201E-01  2.8722900E-01
  3.0395600E-01  3.2130399E-01  3.3901200E-01  3.6633801E-01  4.2086601E-01
      9     12    443
  9.9745297E-01  2.3111024E-01
  5.3445801E+03  3.1357800E+03  1.6957200E+03  1.0209400E+03  6.6378900E+02
  4.5672198E+02  3.2837799E+02  1.8773000E+02  1.1888300E+02  8.1415703E+01
  4.5553501E+01  3.0216400E+01  2.2488800E+01  1.8070000E+01  1.5268000E+01
  1.3330800E+01  1.1893700E+01  9.0590897E+00  7.7715402E+00  5.4659901E+00
  3.8919401E+00  2.7783101E+00  1.9872100E+00  1.4240800E+00  1.0238800E+00
  7.3944300E-01  5.3639501E-01  3.9133701E-01  2.8798199E-01  2.1467100E-01
  1.6293401E-01  1.2661600E-01  1.0124000E-01  8.3617203E-02  7.1585298E-02
  6.3735798E-02  5.9246399E-02  5.7829000E-02  5.9617698E-02  6.2301900E-02
  6.4609498E-02  6.6916898E-02  6.8971798E-02  6.9255799E-02  7.1335800E-02
  7.6691799E-02  8.7164298E-02  9.5302202E-02  1.0634300E-01  1.4163999E-01
  1.6800500E-01  1.9625100E-01  2.1555200E-01  2.2254901E-01  2.1464799E-01
  2.0679000E-01  1.9886699E-01  1.8568900E-01  1.7665200E-01  1.7102900E-01
  1.6696499E-01  1.6750200E-01  1.7720599E-01  1.9057199E-01  2.0229000E-01
  2.0766699E-01  2.1295200E-01  2.2180000E-01  2.3649500E-01  2.5680000E-01
  2.8194100E-01  3.0950001E-01  3.3584401E-01  3.6593100E-01  4.9202499E-01
     10     12    443
  9.6427900E-01  1.4104462E+00
  1.3753200E+01  1.3749200E+01  1.3736800E+01  1.3716200E+01  1.3687600E+01
  1.3651500E+01  1.3607800E+01  1.3499100E+01  1.3365300E+01  1.3209200E+01
  1.2845400E+01  1.2433500E+01  1.1993600E+01  1.1539300E+01  1.1079300E+01
  1.0620000E+01  1.0165900E+01  8.8633499E+00  8.0598803E+00  6.3038001E+00
  4.8951402E+00  3.7886400E+00  2.9308701E+00  2.2715299E+00  1.7673301E+00
  1.3827200E+00  1.0894300E+00  8.6552101E-01  6.9418699E-01  5.6271702E-01
  4.6155199E-01  3.8352701E-01  3.2327801E-01  2.7679399E-01  2.4107499E-01
  2.1387900E-01  1.9353899E-01  1.7882900E-01  1.6886801E-01  1.6491701E-01
  1.6304700E-01  1.6179100E-01  1.6097400E-01  1.6143900E-01  1.6243000E-01
  1.6397800E-01  1.6605900E-01  1.6729400E-01  1.6867200E-01  1.7180499E-01
  1.7356101E-01  1.7543200E-01  1.7743300E-01  1.7953999E-01  1.8406001E-01
  1.8644799E-01  1.8892400E-01  1.9402499E-01  1.9920900E-01  2.0431700E-01
  2.1132700E-01  2.2012000E-01  2.2874600E-01  2.4037600E-01  2.5325799E-01
  2.6134101E-01  2.7035600E-01  2.8007799E-01  2.9016700E-01  3.0018300E-01
  3.0965200E-01  3.1796700E-01  3.2452700E-01  3.2875401E-01  3.3020300E-01
     11     12    443
  9.8431301E-01  1.2819179E+00
  2.2273600E+01  2.2260700E+01  2.2222000E+01  2.2158300E+01  2.2070499E+01
  2.1960100E+01  2.1828600E+01  2.1509899E+01  2.1130301E+01  2.0705200E+01
  1.9769899E+01  1.8780300E+01  1.7778099E+01  1.6787500E+01  1.5823500E+01
  1.4895200E+01  1.4007100E+01  1.1599800E+01  1.0205700E+01  7.3775401E+00
  5.3200402E+00  3.8417499E+00  2.7874999E+00  2.0378599E+00  1.5043200E+00
  1.1230600E+00  8.4899402E-01  6.5054101E-01  5.0571698E-01  3.9919600E-01
  3.2026801E-01  2.6140600E-01  2.1729200E-01  1.8415000E-01  1.5928701E-01
  1.4078300E-01  1.2728301E-01  1.1784600E-01  1.1184900E-01  1.0974000E-01
  1.0892400E-01  1.0857200E-01  1.0891200E-01  1.1030700E-01  1.1183900E-01
  1.1387000E-01  1.1641500E-01  1.1788500E-01  1.1949100E-01  1.2311500E-01
  1.2513600E-01  1.2729800E-01  1.2960000E-01  1.3204201E-01  1.3733600E-01
  1.4017899E-01  1.4314499E-01  1.4940301E-01  1.5600100E-01  1.6277300E-01
  1.7271900E-01  1.8549000E-01  1.8585201E-01  1.7791100E-01  1.7146400E-01
  1.6900700E-01  1.6765100E-01  1.6774300E-01  1.6947700E-01  1.7281900E-01
  1.7744701E-01  1.8275200E-01  1.8786401E-01  1.9167200E-01  1.9309700E-01
     12     12    443
  9.9263102E-01  1.0946146E+00
  3.1099100E+01  3.1068001E+01  3.0972799E+01  3.0817301E+01  3.0605101E+01
  3.0344500E+01  3.0039301E+01  2.9324200E+01  2.8514200E+01  2.7646900E+01
  2.5850000E+01  2.4060101E+01  2.2337299E+01  2.0710199E+01  1.9188499E+01
  1.7773600E+01  1.6461901E+01  1.3087000E+01  1.1239800E+01  7.7081499E+00
  5.3136902E+00  3.6896100E+00  2.5872099E+00  1.8363301E+00  1.3215500E+00
  9.6551102E-01  7.1669900E-01  5.4089803E-01  4.1531000E-01  3.2464501E-01
  2.5856599E-01  2.1001400E-01  1.7412300E-01  1.4751400E-01  1.2781900E-01
  1.1338600E-01  1.0306800E-01  9.6099198E-02  9.2010804E-02  9.0843402E-02
  9.0580203E-02  9.0748601E-02  9.1792703E-02  9.3855903E-02  9.5806502E-02
  9.8261699E-02  1.0121800E-01  1.0288500E-01  1.0469700E-01  1.0870100E-01
  1.1089800E-01  1.1321600E-01  1.1566600E-01  1.1822600E-01  1.2365700E-01
  1.2650099E-01  1.2942600E-01  1.3541400E-01  1.4148200E-01  1.4749999E-01
  1.5613100E-01  1.6821100E-01  1.7197700E-01  1.6496800E-01  1.5615100E-01
  1.5151200E-01  1.4767399E-01  1.4546600E-01  1.4559300E-01  1.4842600E-01
  1.5383400E-01  1.6111200E-01  1.6886400E-01  1.7510000E-01  1.7755701E-01
      1     12    490
  1.0000000E+00 -9.6729755E-02
  1.6711801E+03  1.4275400E+03  1.0444700E+03  7.7507098E+02  5.9031403E+02
  4.6045901E+02  3.6652100E+02  2.4395599E+02  1.7109500E+02  1.2501300E+02
  7.3381500E+01  4.7474201E+01  3.3103401E+01  2.4510401E+01  1.9053101E+01
  1.5404600E+01  1.2854200E+01  8.5294399E+00  6.9584198E+00  4.6685801E+00
  3.3240399E+00  2.4059501E+00  1.7501200E+00  1.2762100E+00  9.3309999E-01
  6.8435901E-01  5.0376499E-01  3.7252399E-01  2.7721700E-01  2.0828600E-01
  1.5873000E-01  1.2334500E-01  9.8345198E-02  8.0990903E-02  6.9380403E-02
  6.2263500E-02  5.8845598E-02  5.8630198E-02  6.1012000E-02  6.3055404E-02
  6.4382300E-02  6.5487698E-02  6.7349799E-02  7.1582504E-02  7.6937601E-02
  8.5319400E-02  9.7888097E-02  1.0627000E-01  1.1637900E-01  1.4313599E-01
  1.6034900E-01  1.8000400E-01  2.0092200E-01  2.2039799E-01  2.4425600E-01
  2.4839400E-01  2.4870700E-01  2.4256600E-01  2.3304801E-01  2.2417800E-01
  2.1520400E-01  2.1726100E-01  2.5231200E-01  2.9368299E-01  3.1981701E-01
  3.2789701E-01  3.3397800E-01  3.4356600E-01  3.5944200E-01  3.8079500E-01
  4.0571201E-01  4.3217599E-01  4.6200001E-01  5.1422900E-01  6.1035198E-01
      2     12    490
  1.0000000E+00 -8.3243988E-02
  6.6299902E+03  4.1526201E+03  2.3393799E+03  1.4453500E+03  9.5564801E+02
  6.6456097E+02  4.8053201E+02  2.7449600E+02  1.7132600E+02  1.1431400E+02
  5.9153900E+01  3.5608200E+01  2.4022200E+01  1.7689899E+01  1.3926500E+01
  1.1522400E+01  9.8868599E+00  7.1276398E+00  6.0684900E+00  4.3325200E+00
  3.1623299E+00  2.3055999E+00  1.6738300E+00  1.2087700E+00  8.6914301E-01
  6.2286401E-01  4.4457000E-01  3.1627101E-01  2.2497100E-01  1.6089700E-01
  1.1652000E-01  8.6282298E-02  6.6013500E-02  5.2713700E-02  4.4349100E-02
  3.9650001E-02  3.7976101E-02  3.9246399E-02  4.3813400E-02  4.8303399E-02
  5.1824201E-02  5.5355001E-02  5.9081700E-02  6.0397301E-02  6.3539401E-02
  7.1486101E-02  8.7100901E-02  9.9341899E-02  1.1588600E-01  1.6769400E-01
  2.0422800E-01  2.3997200E-01  2.6198900E-01  2.6890501E-01  2.5551099E-01
  2.4364300E-01  2.3163900E-01  2.1041501E-01  1.9454600E-01  1.8342800E-01
  1.7326900E-01  1.6894799E-01  1.8452200E-01  2.1143501E-01  2.3542000E-01
  2.4611700E-01  2.5570700E-01  2.6937801E-01  2.9070401E-01  3.1892699E-01
  3.5259601E-01  3.8826001E-01  4.2190400E-01  4.6775201E-01  6.5387201E-01
      3     12    490
  9.8389101E-01  4.9875647E-01
  1.9307001E+02  1.8678500E+02  1.7067400E+02  1.5072000E+02  1.3180499E+02
  1.1573800E+02  1.0229400E+02  8.1271599E+01  6.6034897E+01  5.4705700E+01
  3.9450100E+01  3.0006901E+01  2.3806200E+01  1.9535400E+01  1.6474001E+01
  1.4202800E+01  1.2465900E+01  9.0992498E+00  7.6942902E+00  5.4591999E+00
  4.0815701E+00  3.1155701E+00  2.4005499E+00  1.8603300E+00  1.4491400E+00
  1.1350501E+00  8.9465803E-01  7.1035802E-01  5.6889701E-01  4.6026999E-01
  3.7683299E-01  3.1273100E-01  2.6340801E-01  2.2510400E-01  1.9476700E-01
  1.7074700E-01  1.5248901E-01  1.3924500E-01  1.3031600E-01  1.2685800E-01
  1.2529400E-01  1.2435000E-01  1.2407500E-01  1.2527201E-01  1.2696800E-01
  1.2947699E-01  1.3286000E-01  1.3493600E-01  1.3729601E-01  1.4297700E-01
  1.4634000E-01  1.5010600E-01  1.5430100E-01  1.5901200E-01  1.7019901E-01
  1.7679900E-01  1.8417500E-01  2.0173199E-01  2.2386500E-01  2.5168201E-01
  3.0514500E-01  3.9085600E-01  4.2134100E-01  4.2211100E-01  4.3023100E-01
  4.3805599E-01  4.4864699E-01  4.6186200E-01  4.7711599E-01  4.9317899E-01
  5.0823098E-01  5.2012002E-01  5.2762997E-01  5.3405303E-01  5.4948699E-01
      4     12    490
  9.8719198E-01  4.0020531E-01
  3.0157501E+02  2.8759601E+02  2.5394400E+02  2.1637900E+02  1.8411301E+02
  1.5806500E+02  1.3677299E+02  1.0485300E+02  8.2671600E+01  6.6764603E+01
  4.6192699E+01  3.4032902E+01  2.6339500E+01  2.1201401E+01  1.7612900E+01
  1.5008600E+01  1.3053000E+01  9.3553600E+00  7.8496699E+00  5.4944301E+00
  4.0535798E+00  3.0482900E+00  2.3119700E+00  1.7633100E+00  1.3519400E+00
  1.0426800E+00  8.0971599E-01  6.3390702E-01  5.0098002E-01  4.0034100E-01
  3.2412401E-01  2.6644000E-01  2.2289100E-01  1.9013700E-01  1.6557200E-01
  1.4702000E-01  1.3250400E-01  1.2089700E-01  1.1268400E-01  1.0953700E-01
  1.0819800E-01  1.0746500E-01  1.0763600E-01  1.0943900E-01  1.1171000E-01
  1.1496000E-01  1.1939900E-01  1.2213400E-01  1.2525600E-01  1.3286500E-01
  1.3747101E-01  1.4270000E-01  1.4862500E-01  1.5534399E-01  1.7155001E-01
  1.8126200E-01  1.9218600E-01  2.1779400E-01  2.4694000E-01  2.7402800E-01
  3.0098599E-01  3.2624400E-01  3.5130900E-01  3.6071000E-01  3.6299601E-01
  3.6612299E-01  3.7198600E-01  3.8087401E-01  3.9225799E-01  4.0507200E-01
  4.1827601E-01  4.3185201E-01  4.4906101E-01  4.8399499E-01  5.3893399E-01
      5     12    490
  9.9551499E-01  2.1073723E-01
  1.1992000E+03  1.0252300E+03  7.5169098E+02  5.5931598E+02  4.2737299E+02
  3.3462701E+02  2.6752200E+02  1.7993401E+02  1.2782100E+02  9.4818298E+01
  5.7729500E+01  3.8990700E+01  2.8482201E+01  2.2098499E+01  1.7957300E+01
  1.5113800E+01  1.3062400E+01  9.3388796E+00  7.8423800E+00  5.4333901E+00
  3.8997200E+00  2.8268299E+00  2.0581999E+00  1.5047500E+00  1.1058100E+00
  8.1766999E-01  6.0894197E-01  4.5726499E-01  3.4678701E-01  2.6628801E-01
  2.0767900E-01  1.6506700E-01  1.3420400E-01  1.1203100E-01  9.6402399E-02
  8.5859299E-02  7.9432197E-02  7.6484203E-02  7.6393098E-02  7.7205896E-02
  7.7891096E-02  7.8549698E-02  7.9926804E-02  8.3289400E-02  8.7505497E-02
  9.4017401E-02  1.0365700E-01  1.1002800E-01  1.1766700E-01  1.3772400E-01
  1.5054400E-01  1.6514499E-01  1.8068400E-01  1.9522800E-01  2.1364400E-01
  2.1733800E-01  2.1833199E-01  2.1556699E-01  2.1047300E-01  2.0588000E-01
  2.0201799E-01  2.0675001E-01  2.3198000E-01  2.5971299E-01  2.7693501E-01
  2.8218499E-01  2.8627801E-01  2.9322901E-01  3.0506599E-01  3.2119399E-01
  3.4016201E-01  3.6037901E-01  3.8292700E-01  4.2113900E-01  4.9011400E-01
      6     12    490
  9.9861097E-01  9.5914319E-02
  5.3609199E+03  3.3598000E+03  1.8951300E+03  1.1729500E+03  7.7735699E+02
  5.4219098E+02  3.9349500E+02  2.2696001E+02  1.4349899E+02  9.7311401E+01
  5.2468102E+01  3.3156399E+01  2.3510599E+01  1.8119801E+01  1.4818100E+01
  1.2629500E+01  1.1077000E+01  8.2415199E+00  7.0474701E+00  4.9861102E+00
  3.5859699E+00  2.5820000E+00  1.8584000E+00  1.3367300E+00  9.6188998E-01
  6.9322997E-01  5.0036198E-01  3.6214200E-01  2.6364601E-01  1.9399901E-01
  1.4510100E-01  1.1107800E-01  8.7605298E-02  7.1594901E-02  6.0937300E-02
  5.4279301E-02  5.0876100E-02  5.0508700E-02  5.3364400E-02  5.6739300E-02
  5.9511099E-02  6.2374100E-02  6.5545499E-02  6.6957302E-02  6.9831699E-02
  7.6677300E-02  8.9805797E-02  9.9984802E-02  1.1366400E-01  1.5621100E-01
  1.8610400E-01  2.1538100E-01  2.3359101E-01  2.3962300E-01  2.2974800E-01
  2.2065599E-01  2.1146700E-01  1.9536400E-01  1.8360400E-01  1.7567299E-01
  1.6897900E-01  1.6759400E-01  1.8081801E-01  2.0140199E-01  2.1935600E-01
  2.2726300E-01  2.3441599E-01  2.4513900E-01  2.6243001E-01  2.8573501E-01
  3.1385100E-01  3.4386799E-01  3.7231201E-01  4.1034800E-01  5.6107903E-01
      7     12    490
  9.7780597E-01  7.4918705E-01
  1.3711501E+02  1.3278000E+02  1.2166700E+02  1.0790300E+02  9.4851898E+01
  8.3763603E+01  7.4482498E+01  5.9958900E+01  4.9418701E+01  4.1567299E+01
  3.0954800E+01  2.4336201E+01  1.9944500E+01  1.6878201E+01  1.4642900E+01
  1.2951400E+01  1.1628700E+01  8.9422798E+00  7.7444301E+00  5.6930499E+00
  4.3253298E+00  3.3260701E+00  2.5717700E+00  1.9966000E+00  1.5569100E+00
  1.2204601E+00  9.6280599E-01  7.6523900E-01  6.1355501E-01  4.9697700E-01
  4.0729401E-01  3.3825001E-01  2.8503001E-01  2.4378499E-01  2.1146201E-01
  1.8621300E-01  1.6712500E-01  1.5328400E-01  1.4392300E-01  1.4025401E-01
  1.3855700E-01  1.3747799E-01  1.3697600E-01  1.3787800E-01  1.3930599E-01
  1.4145800E-01  1.4437100E-01  1.4615200E-01  1.4816500E-01  1.5296800E-01
  1.5578300E-01  1.5891200E-01  1.6236600E-01  1.6620900E-01  1.7519601E-01
  1.8042199E-01  1.8619800E-01  1.9972999E-01  2.1643899E-01  2.3703700E-01
  2.7585599E-01  3.3748901E-01  3.6120999E-01  3.6519799E-01  3.7448600E-01
  3.8215801E-01  3.9197999E-01  4.0378499E-01  4.1707900E-01  4.3089399E-01
  4.4384399E-01  4.5428801E-01  4.6122700E-01  4.6678501E-01  4.7781599E-01
      8     12    490
  9.9302202E-01  4.0810186E-01
  9.3507098E+02  8.0008801E+02  5.8784998E+02  4.3857800E+02  3.3619000E+02
  2.6421100E+02  2.1212199E+02  1.4410699E+02  1.0360500E+02  7.7921097E+01
  4.8970501E+01  3.4243198E+01  2.5896099E+01  2.0748800E+01  1.7344000E+01
  1.4951000E+01  1.3178800E+01  9.7918396E+00  8.3370504E+00  5.8613901E+00
  4.2218800E+00  3.0623600E+00  2.2306099E+00  1.6326400E+00  1.2024601E+00
  8.9227098E-01  6.6779900E-01  5.0468701E-01  3.8571900E-01  2.9874599E-01
  2.3507100E-01  1.8841501E-01  1.5427101E-01  1.2940200E-01  1.1152400E-01
  9.9063702E-02  9.0952598E-02  8.6475499E-02  8.5000403E-02  8.5124597E-02
  8.5450701E-02  8.5859299E-02  8.6965002E-02  8.9840703E-02  9.3419299E-02
  9.8884903E-02  1.0688600E-01  1.1213100E-01  1.1838800E-01  1.3469499E-01
  1.4505699E-01  1.5683000E-01  1.6935800E-01  1.8114300E-01  1.9651400E-01
  1.9995999E-01  2.0133400E-01  2.0045801E-01  1.9784001E-01  1.9564000E-01
  1.9463900E-01  2.0086800E-01  2.2060300E-01  2.4070300E-01  2.5293899E-01
  2.5660500E-01  2.5958499E-01  2.6506001E-01  2.7463600E-01  2.8784099E-01
  3.0347899E-01  3.2020101E-01  3.3867699E-01  3.6904499E-01  4.2282799E-01
      9     12    490
  9.9766397E-01  2.2942375E-01
  4.4938398E+03  2.8181201E+03  1.5916000E+03  9.8683301E+02  6.5554199E+02
  4.5858301E+02  3.3402802E+02  1.9448100E+02  1.2448600E+02  8.5694504E+01
  4.7900101E+01  3.1481300E+01  2.3161100E+01  1.8413601E+01  1.5427300E+01
  1.3385900E+01  1.1890100E+01  9.0025797E+00  7.7163501E+00  5.4326701E+00
  3.8754201E+00  2.7708399E+00  1.9845099E+00  1.4241500E+00  1.0252600E+00
  7.4130702E-01  5.3848201E-01  3.9348301E-01  2.9007000E-01  2.1661600E-01
  1.6462800E-01  1.2801901E-01  1.0235800E-01  8.4495299E-02  7.2271101E-02
  6.4274602E-02  5.9689999E-02  5.8203500E-02  5.9889998E-02  6.2503099E-02
  6.4763099E-02  6.7169800E-02  6.9961801E-02  7.1439303E-02  7.4130900E-02
  8.0224201E-02  9.1653898E-02  1.0042400E-01  1.1214600E-01  1.4836501E-01
  1.7372100E-01  1.9858000E-01  2.1418899E-01  2.1961699E-01  2.1214500E-01
  2.0495100E-01  1.9768500E-01  1.8508101E-01  1.7612700E-01  1.7037500E-01
  1.6604701E-01  1.6666900E-01  1.7828800E-01  1.9454700E-01  2.0838000E-01
  2.1438099E-01  2.1986800E-01  2.2857700E-01  2.4311200E-01  2.6305601E-01
  2.8737900E-01  3.1353801E-01  3.3842799E-01  3.7112701E-01  4.9767801E-01
     10     12    490
  9.6455300E-01  1.4619770E+00
  1.2816300E+01  1.2812900E+01  1.2803200E+01  1.2787000E+01  1.2764700E+01
  1.2735900E+01  1.2701300E+01  1.2615000E+01  1.2507500E+01  1.2381600E+01
  1.2083400E+01  1.1739500E+01  1.1366200E+01  1.0975400E+01  1.0575300E+01
  1.0171700E+01  9.7688398E+00  8.5935898E+00  7.8558002E+00  6.2125301E+00
  4.8668098E+00  3.7936699E+00  2.9521101E+00  2.2992899E+00  1.7963099E+00
  1.4102000E+00  1.1141900E+00  8.8715100E-01  7.1275699E-01  5.7851601E-01
  4.7495899E-01  3.9493600E-01  3.3306101E-01  2.8528199E-01  2.4854900E-01
  2.2057100E-01  1.9963500E-01  1.8447000E-01  1.7414901E-01  1.7001000E-01
  1.6801800E-01  1.6664100E-01  1.6563500E-01  1.6588300E-01  1.6671599E-01
  1.6807200E-01  1.6994099E-01  1.7106800E-01  1.7230999E-01  1.7516100E-01
  1.7675900E-01  1.7847501E-01  1.8028300E-01  1.8219800E-01  1.8629700E-01
  1.8846899E-01  1.9069301E-01  1.9528399E-01  1.9994400E-01  2.0450400E-01
  2.1079300E-01  2.1893901E-01  2.2763400E-01  2.3876999E-01  2.5065401E-01
  2.5798801E-01  2.6609999E-01  2.7477399E-01  2.8371200E-01  2.9253399E-01
  3.0081499E-01  3.0804801E-01  3.1372100E-01  3.1735599E-01  3.1860599E-01
     11     12    490
  9.8448902E-01  1.3257675E+00
  2.0674101E+01  2.0664101E+01  2.0634199E+01  2.0584700E+01  2.0516300E+01
  2.0430000E+01  2.0326700E+01  2.0074200E+01  1.9769400E+01  1.9423401E+01
  1.8646999E+01  1.7807600E+01  1.6943199E+01  1.6076099E+01  1.5221000E+01
  1.4387600E+01  1.3582100E+01  1.1360000E+01  1.0049600E+01  7.3431001E+00
  5.3371701E+00  3.8777499E+00  2.8274701E+00  2.0754001E+00  1.5370600E+00
  1.1505400E+00  8.7156302E-01  6.6886002E-01  5.2050102E-01  4.1111499E-01
  3.2990301E-01  2.6924601E-01  2.2374199E-01  1.8953800E-01  1.6387500E-01
  1.4477700E-01  1.3083600E-01  1.2106500E-01  1.1479900E-01  1.1253900E-01
  1.1162200E-01  1.1116500E-01  1.1133100E-01  1.1252100E-01  1.1389300E-01
  1.1573600E-01  1.1806300E-01  1.1941100E-01  1.2088400E-01  1.2420900E-01
  1.2606201E-01  1.2804300E-01  1.3014901E-01  1.3238101E-01  1.3720800E-01
  1.3979401E-01  1.4248700E-01  1.4815199E-01  1.5410399E-01  1.6019000E-01
  1.6909300E-01  1.8050399E-01  1.8121301E-01  1.7489100E-01  1.6986200E-01
  1.6804500E-01  1.6717400E-01  1.6753900E-01  1.6929001E-01  1.7237200E-01
  1.7648500E-01  1.8110400E-01  1.8548401E-01  1.8869600E-01  1.8988501E-01
     12     12    490
  9.9281698E-01  1.1387485E+00
  2.8597900E+01  2.8574600E+01  2.8502600E+01  2.8384701E+01  2.8222700E+01
  2.8022600E+01  2.7786301E+01  2.7224701E+01  2.6576599E+01  2.5870399E+01
  2.4376101E+01  2.2854601E+01  2.1361200E+01  1.9926300E+01  1.8564400E+01
  1.7281099E+01  1.6077499E+01  1.2921800E+01  1.1160900E+01  7.7323399E+00
  5.3660002E+00  3.7433500E+00  2.6339400E+00  1.8743700E+00  1.3515900E+00
  9.8889202E-01  7.3478901E-01  5.5488199E-01  4.2614701E-01  3.3308700E-01
  2.6519001E-01  2.1526100E-01  1.7832901E-01  1.5092900E-01  1.3063700E-01
  1.1574800E-01  1.0507900E-01  9.7829998E-02  9.3495198E-02  9.2184998E-02
  9.1809601E-02  9.1866598E-02  9.2704698E-02  9.4520599E-02  9.6270502E-02
  9.8489501E-02  1.0117100E-01  1.0268600E-01  1.0432800E-01  1.0796100E-01
  1.0995300E-01  1.1205700E-01  1.1427100E-01  1.1658800E-01  1.2149700E-01
  1.2407100E-01  1.2671000E-01  1.3212501E-01  1.3762601E-01  1.4308999E-01
  1.5095100E-01  1.6190501E-01  1.6525599E-01  1.5924500E-01  1.5185800E-01
  1.4804199E-01  1.4495400E-01  1.4329000E-01  1.4362900E-01  1.4626800E-01
  1.5105499E-01  1.5734600E-01  1.6393600E-01  1.6915099E-01  1.7118300E-01
      1     12    510
  1.0000000E+00 -9.6434630E-02
  1.5410800E+03  1.3309800E+03  9.8771802E+02  7.3992297E+02  5.6787500E+02
  4.4581799E+02  3.5679800E+02  2.3961400E+02  1.6923500E+02  1.2436900E+02
  7.3638802E+01  4.7924500E+01  3.3550301E+01  2.4900499E+01  1.9379499E+01
  1.5673900E+01  1.3075700E+01  8.6541595E+00  7.0457201E+00  4.7072001E+00
  3.3431399E+00  2.4162700E+00  1.7562799E+00  1.2804800E+00  9.3640000E-01
  6.8717498E-01  5.0633502E-01  3.7493199E-01  2.7952999E-01  2.1047100E-01
  1.6073801E-01  1.2515700E-01  9.9996097E-02  8.2483701E-02  7.0728697E-02
  6.3473903E-02  5.9942801E-02  5.9609000E-02  6.1823498E-02  6.3797101E-02
  6.5091200E-02  6.6238798E-02  6.8284698E-02  7.2715402E-02  7.8181602E-02
  8.6603001E-02  9.9127397E-02  1.0740500E-01  1.1735200E-01  1.4348800E-01
  1.6016001E-01  1.7910400E-01  1.9920801E-01  2.1804500E-01  2.4181201E-01
  2.4633200E-01  2.4715599E-01  2.4197499E-01  2.3322800E-01  2.2477300E-01
  2.1626700E-01  2.1879900E-01  2.5460401E-01  2.9620200E-01  3.2173401E-01
  3.2939601E-01  3.3482301E-01  3.4356201E-01  3.5849199E-01  3.7889799E-01
  4.0294099E-01  4.2891699E-01  4.5896000E-01  5.1177502E-01  6.0448802E-01
      2     12    510
  1.0000000E+00 -8.4349744E-02
  6.1140898E+03  3.9264900E+03  2.2496599E+03  1.4062900E+03  9.3807300E+02
  6.5691998E+02  4.7775699E+02  2.7538000E+02  1.7302499E+02  1.1602500E+02
  6.0422298E+01  3.6475399E+01  2.4617300E+01  1.8108400E+01  1.4229400E+01
  1.1746200E+01  1.0056200E+01  7.2086201E+00  6.1208100E+00  4.3528199E+00
  3.1700001E+00  2.3078599E+00  1.6742500E+00  1.2089500E+00  8.6942601E-01
  6.2332797E-01  4.4533899E-01  3.1738201E-01  2.2628100E-01  1.6224900E-01
  1.1787300E-01  8.7545402E-02  6.7156203E-02  5.3701598E-02  4.5197502E-02
  4.0400699E-02  3.8629498E-02  3.9787799E-02  4.4255599E-02  4.8666600E-02
  5.2165098E-02  5.5776000E-02  5.9980899E-02  6.2173001E-02  6.5784298E-02
  7.4170902E-02  9.0373501E-02  1.0293000E-01  1.1974600E-01  1.7169499E-01
  2.0703600E-01  2.4008000E-01  2.5964600E-01  2.6542801E-01  2.5230300E-01
  2.4106801E-01  2.2958900E-01  2.0926200E-01  1.9393700E-01  1.8312199E-01
  1.7320900E-01  1.6937900E-01  1.8608101E-01  2.1402900E-01  2.3851000E-01
  2.4916600E-01  2.5844800E-01  2.7164200E-01  2.9239601E-01  3.1988800E-01
  3.5256800E-01  3.8709700E-01  4.1995901E-01  4.6730599E-01  6.5165198E-01
      3     12    510
  9.8434198E-01  5.0003362E-01
  1.8261900E+02  1.7712000E+02  1.6287399E+02  1.4486900E+02  1.2742400E+02
  1.1237800E+02  9.9713699E+01  7.9757401E+01  6.5143204E+01  5.4196499E+01
  3.9324200E+01  3.0029600E+01  2.3881399E+01  1.9622801E+01  1.6556999E+01
  1.4275400E+01  1.2526500E+01  9.1295700E+00  7.7115898E+00  5.4604998E+00
  4.0793400E+00  3.1135199E+00  2.3994401E+00  1.8602500E+00  1.4497200E+00
  1.1360300E+00  8.9586598E-01  7.1167499E-01  5.7023501E-01  4.6158001E-01
  3.7806299E-01  3.1386301E-01  2.6441699E-01  2.2599199E-01  1.9559000E-01
  1.7155699E-01  1.5328801E-01  1.4003301E-01  1.3111100E-01  1.2764201E-01
  1.2609300E-01  1.2515301E-01  1.2490300E-01  1.2614100E-01  1.2786999E-01
  1.3039599E-01  1.3383700E-01  1.3594300E-01  1.3832900E-01  1.4405300E-01
  1.4745601E-01  1.5126599E-01  1.5552400E-01  1.6027801E-01  1.7153500E-01
  1.7817800E-01  1.8562600E-01  2.0329000E-01  2.2543500E-01  2.5319800E-01
  3.0624801E-01  3.9209899E-01  4.2308199E-01  4.2307401E-01  4.2998999E-01
  4.3708700E-01  4.4698301E-01  4.5953399E-01  4.7411299E-01  4.8952901E-01
  5.0413603E-01  5.1600301E-01  5.2403402E-01  5.3161001E-01  5.4754603E-01
      4     12    510
  9.8760599E-01  4.0061545E-01
  2.8413300E+02  2.7193600E+02  2.4212100E+02  2.0797400E+02  1.7799300E+02
  1.5355499E+02  1.3347000E+02  1.0305600E+02  8.1715797E+01  6.6297401E+01
  4.6173599E+01  3.4163700E+01  2.6507500E+01  2.1364599E+01  1.7756800E+01
  1.5129700E+01  1.3152800E+01  9.4070301E+00  7.8812399E+00  5.5018601E+00
  4.0535202E+00  3.0465500E+00  2.3103499E+00  1.7622300E+00  1.3514000E+00
  1.0425500E+00  8.0988300E-01  6.3429701E-01  5.0152701E-01  4.0096599E-01
  3.2477000E-01  2.6708999E-01  2.2351000E-01  1.9070099E-01  1.6608299E-01
  1.4746800E-01  1.3292199E-01  1.2135400E-01  1.1319200E-01  1.1008500E-01
  1.0876000E-01  1.0808000E-01  1.0826900E-01  1.1013400E-01  1.1242000E-01
  1.1572700E-01  1.2020400E-01  1.2295800E-01  1.2611200E-01  1.3377599E-01
  1.3839500E-01  1.4363900E-01  1.4957801E-01  1.5628600E-01  1.7244500E-01
  1.8209700E-01  1.9291100E-01  2.1815699E-01  2.4687301E-01  2.7378699E-01
  3.0129799E-01  3.2783601E-01  3.5312501E-01  3.6149499E-01  3.6252201E-01
  3.6490101E-01  3.6996499E-01  3.7794900E-01  3.8837299E-01  4.0036801E-01
  4.1312301E-01  4.2654601E-01  4.4418901E-01  4.7944400E-01  5.3229100E-01
      5     12    510
  9.9568498E-01  2.0948951E-01
  1.1202800E+03  9.6829901E+02  7.1999597E+02  5.4074298E+02  4.1627600E+02
  3.2796600E+02  2.6354800E+02  1.7872000E+02  1.2773500E+02  9.5193497E+01
  5.8299000E+01  3.9481499E+01  2.8858999E+01  2.2375200E+01  1.8156601E+01
  1.5255800E+01  1.3162600E+01  9.3705797E+00  7.8544898E+00  5.4294901E+00
  3.8950601E+00  2.8239501E+00  2.0570099E+00  1.5048200E+00  1.1066099E+00
  8.1885999E-01  6.1031300E-01  4.5867601E-01  3.4818599E-01  2.6761001E-01
  2.0887700E-01  1.6612799E-01  1.3515800E-01  1.1288600E-01  9.7174600E-02
  8.6559199E-02  8.0084197E-02  7.7091098E-02  7.6921999E-02  7.7705503E-02
  7.8376003E-02  7.9067796E-02  8.0575399E-02  8.4089600E-02  8.8407598E-02
  9.4991900E-02  1.0467500E-01  1.1102400E-01  1.1861400E-01  1.3841200E-01
  1.5096900E-01  1.6520400E-01  1.8031099E-01  1.9453500E-01  2.1302000E-01
  2.1698201E-01  2.1829900E-01  2.1606700E-01  2.1133000E-01  2.0683900E-01
  2.0306100E-01  2.0793501E-01  2.3406900E-01  2.6256901E-01  2.7978900E-01
  2.8489500E-01  2.8863299E-01  2.9508701E-01  3.0637801E-01  3.2196900E-01
  3.4045100E-01  3.6045501E-01  3.8332799E-01  4.2236400E-01  4.8973501E-01
      6     12    510
  9.9866098E-01  9.4052255E-02
  4.9811299E+03  3.2007400E+03  1.8360400E+03  1.1496400E+03  7.6854999E+02
  5.3969897E+02  3.9384601E+02  2.2904601E+02  1.4563400E+02  9.9122803E+01
  5.3611401E+01  3.3856300E+01  2.3942600E+01  1.8391001E+01  1.4991400E+01
  1.2740500E+01  1.1148500E+01  8.2590599E+00  7.0521798E+00  4.9828701E+00
  3.5821199E+00  2.5787599E+00  1.8562200E+00  1.3355900E+00  9.6140802E-01
  6.9313401E-01  5.0059301E-01  3.6266199E-01  2.6431900E-01  1.9470100E-01
  1.4580800E-01  1.1172500E-01  8.8176303E-02  7.2065301E-02  6.1321300E-02
  5.4611601E-02  5.1158000E-02  5.0730400E-02  5.3541500E-02  5.6874599E-02
  5.9646200E-02  6.2585101E-02  6.6150598E-02  6.8253301E-02  7.1505100E-02
  7.8726001E-02  9.2392199E-02  1.0288300E-01  1.1686200E-01  1.5979099E-01
  1.8890999E-01  2.1617900E-01  2.3249900E-01  2.3761800E-01  2.2781400E-01
  2.1912999E-01  2.1025901E-01  1.9468200E-01  1.8319300E-01  1.7536800E-01
  1.6870800E-01  1.6755100E-01  1.8175000E-01  2.0345700E-01  2.2210900E-01
  2.3012900E-01  2.3716100E-01  2.4762499E-01  2.6459199E-01  2.8744099E-01
  3.1488600E-01  3.4409001E-01  3.7198299E-01  4.1141900E-01  5.6179899E-01
      7     12    510
  9.7824001E-01  7.5278848E-01
  1.3083900E+02  1.2701300E+02  1.1709900E+02  1.0456900E+02  9.2427101E+01
  8.1951599E+01  7.3132103E+01  5.9224998E+01  4.9028301E+01  4.1377701E+01
  3.0947399E+01  2.4384001E+01  2.0000299E+01  1.6925699E+01  1.4677600E+01
  1.2973600E+01  1.1640000E+01  8.9336004E+00  7.7301202E+00  5.6773300E+00
  4.3146901E+00  3.3204701E+00  2.5697701E+00  1.9969701E+00  1.5585800E+00
  1.2227499E+00  9.6531200E-01  7.6773399E-01  6.1590898E-01  4.9913901E-01
  4.0923399E-01  3.3997601E-01  2.8654999E-01  2.4511901E-01  2.1266600E-01
  1.8733700E-01  1.6818400E-01  1.5429200E-01  1.4489999E-01  1.4120200E-01
  1.3950700E-01  1.3841701E-01  1.3791800E-01  1.3882899E-01  1.4026700E-01
  1.4241800E-01  1.4535700E-01  1.4715099E-01  1.4917600E-01  1.5399399E-01
  1.5683100E-01  1.5998299E-01  1.6347800E-01  1.6734600E-01  1.7637900E-01
  1.8163399E-01  1.8746801E-01  2.0109800E-01  2.1786401E-01  2.3850900E-01
  2.7725300E-01  3.3939499E-01  3.6360499E-01  3.6692801E-01  3.7524000E-01
  3.8232300E-01  3.9157301E-01  4.0282500E-01  4.1555700E-01  4.2883301E-01
  4.4138199E-01  4.5171800E-01  4.5893401E-01  4.6524599E-01  4.7669101E-01
      8     12    510
  9.9323702E-01  4.0786093E-01
  8.7996899E+02  7.6118500E+02  5.6710999E+02  4.2699899E+02  3.2970401E+02
  2.6066501E+02  2.1029700E+02  1.4394600E+02  1.0403600E+02  7.8532501E+01
  4.9539001E+01  3.4660099E+01  2.6179899E+01  2.0933001E+01  1.7458200E+01
  1.5017100E+01  1.3212300E+01  9.7797003E+00  8.3163404E+00  5.8419600E+00
  4.2102399E+00  3.0567501E+00  2.2287500E+00  1.6329401E+00  1.2038100E+00
  8.9406103E-01  6.6969103E-01  5.0649899E-01  3.8739300E-01  3.0023900E-01
  2.3636700E-01  1.8952499E-01  1.5523700E-01  1.3024800E-01  1.1227700E-01
  9.9742301E-02  9.1586202E-02  8.7074399E-02  8.5544199E-02  8.5648097E-02
  8.5962497E-02  8.6393997E-02  8.7594099E-02  9.0584897E-02  9.4247200E-02
  9.9782400E-02  1.0784300E-01  1.1309100E-01  1.1933500E-01  1.3551299E-01
  1.4572100E-01  1.5726601E-01  1.6951901E-01  1.8110900E-01  1.9657899E-01
  2.0022200E-01  2.0182000E-01  2.0127200E-01  1.9882500E-01  1.9659799E-01
  1.9551900E-01  2.0173100E-01  2.2234300E-01  2.4336199E-01  2.5583699E-01
  2.5948301E-01  2.6225501E-01  2.6740500E-01  2.7661800E-01  2.8946000E-01
  3.0476600E-01  3.2135800E-01  3.4013799E-01  3.7130499E-01  4.2420301E-01
      9     12    510
  9.9773699E-01  2.2784328E-01
  4.1971602E+03  2.6985500E+03  1.5498199E+03  9.7204102E+02  6.5124500E+02
  4.5858600E+02  3.3578299E+02  1.9698500E+02  1.2668000E+02  8.7427002E+01
  4.8898602E+01  3.2043999E+01  2.3475800E+01  1.8586599E+01  1.5518600E+01
  1.3428600E+01  1.1904400E+01  8.9859304E+00  7.6966500E+00  5.4188499E+00
  3.8673000E+00  2.7662101E+00  1.9821301E+00  1.4232100E+00  1.0250601E+00
  7.4143797E-01  5.3882700E-01  3.9399499E-01  2.9064000E-01  2.1715701E-01
  1.6513801E-01  1.2845699E-01  1.0272100E-01  8.4772304E-02  7.2478399E-02
  6.4444996E-02  5.9827302E-02  5.8302399E-02  5.9967101E-02  6.2554300E-02
  6.4822800E-02  6.7296699E-02  7.0419803E-02  7.2460704E-02  7.5463697E-02
  8.1877902E-02  9.3788996E-02  1.0285100E-01  1.1486700E-01  1.5155400E-01
  1.7636700E-01  1.9964100E-01  2.1371400E-01  2.1837500E-01  2.1086800E-01
  2.0394900E-01  1.9688299E-01  1.8459401E-01  1.7575800E-01  1.7000300E-01
  1.6559300E-01  1.6628601E-01  1.7875300E-01  1.9614200E-01  2.1076000E-01
  2.1695700E-01  2.2243001E-01  2.3100699E-01  2.4535200E-01  2.6498801E-01
  2.8881100E-01  3.1433001E-01  3.3878499E-01  3.7274700E-01  4.9962300E-01
     10     12    510
  9.6457201E-01  1.4828072E+00
  1.2473000E+01  1.2470000E+01  1.2461100E+01  1.2446400E+01  1.2425900E+01
  1.2399700E+01  1.2368100E+01  1.2289100E+01  1.2190500E+01  1.2074500E+01
  1.1798600E+01  1.1478300E+01  1.1128500E+01  1.0760200E+01  1.0381400E+01
  9.9978399E+00  9.6135702E+00  8.4856005E+00  7.7724900E+00  6.1729999E+00
  4.8526802E+00  3.7935300E+00  2.9591401E+00  2.3095000E+00  1.8074200E+00
  1.4209900E+00  1.1240600E+00  8.9588100E-01  7.2031802E-01  5.8499402E-01
  4.8048899E-01  3.9966899E-01  3.3714300E-01  2.8884301E-01  2.5170201E-01
  2.2341000E-01  2.0223400E-01  1.8688600E-01  1.7642200E-01  1.7219999E-01
  1.7017099E-01  1.6874000E-01  1.6766800E-01  1.6783400E-01  1.6860799E-01
  1.6989900E-01  1.7169100E-01  1.7277201E-01  1.7397100E-01  1.7671999E-01
  1.7826200E-01  1.7991000E-01  1.8165900E-01  1.8350400E-01  1.8745100E-01
  1.8953501E-01  1.9167800E-01  1.9608800E-01  2.0055500E-01  2.0492999E-01
  2.1097000E-01  2.1891500E-01  2.2764400E-01  2.3858000E-01  2.5008500E-01
  2.5713500E-01  2.6490700E-01  2.7319100E-01  2.8170100E-01  2.9008600E-01
  2.9792899E-01  3.0476800E-01  3.1011900E-01  3.1354201E-01  3.1472099E-01
     11     12    510
  9.8457700E-01  1.3464942E+00
  2.0056200E+01  2.0047100E+01  2.0020000E+01  1.9975201E+01  1.9913200E+01
  1.9834801E+01  1.9740801E+01  1.9510401E+01  1.9231100E+01  1.8912399E+01
  1.8192101E+01  1.7406900E+01  1.6593201E+01  1.5772500E+01  1.4959100E+01
  1.4162800E+01  1.3389900E+01  1.1243700E+01  9.9690599E+00  7.3179598E+00
  5.3380899E+00  3.8898399E+00  2.8432901E+00  2.0913799E+00  1.5516300E+00
  1.1631600E+00  8.8217002E-01  6.7762899E-01  5.2769202E-01  4.1700199E-01
  3.3473799E-01  2.7324799E-01  2.2709000E-01  1.9237600E-01  1.6631900E-01
  1.4691700E-01  1.3274500E-01  1.2279900E-01  1.1639800E-01  1.1407000E-01
  1.1311000E-01  1.1261000E-01  1.1271000E-01  1.1382800E-01  1.1514400E-01
  1.1692500E-01  1.1917900E-01  1.2048600E-01  1.2191500E-01  1.2514099E-01
  1.2693900E-01  1.2886000E-01  1.3090301E-01  1.3306700E-01  1.3774300E-01
  1.4024600E-01  1.4285100E-01  1.4832900E-01  1.5407699E-01  1.5995000E-01
  1.6853200E-01  1.7953099E-01  1.8038000E-01  1.7463200E-01  1.7012300E-01
  1.6854601E-01  1.6786499E-01  1.6834600E-01  1.7012300E-01  1.7312600E-01
  1.7706800E-01  1.8145600E-01  1.8558501E-01  1.8859400E-01  1.8970500E-01
     12     12    510
  9.9284899E-01  1.1548901E+00
  2.7714500E+01  2.7692801E+01  2.7628201E+01  2.7522100E+01  2.7376801E+01
  2.7195299E+01  2.6981199E+01  2.6470600E+01  2.5875799E+01  2.5224600E+01
  2.3833700E+01  2.2405399E+01  2.0992901E+01  1.9626699E+01  1.8322701E+01
  1.7087799E+01  1.5924300E+01  1.2851700E+01  1.1124200E+01  7.7375302E+00
  5.3839698E+00  3.7631600E+00  2.6517899E+00  1.8892500E+00  1.3635600E+00
  9.9833500E-01  7.4217099E-01  5.6063199E-01  4.3062600E-01  3.3658600E-01
  2.6794100E-01  2.1744201E-01  1.8007800E-01  1.5235300E-01  1.3181600E-01
  1.1674300E-01  1.0593400E-01  9.8572798E-02  9.4140500E-02  9.2760801E-02
  9.2354201E-02  9.2354998E-02  9.3125097E-02  9.4837002E-02  9.6517198E-02
  9.8641098E-02  1.0121800E-01  1.0267900E-01  1.0425400E-01  1.0774700E-01
  1.0966100E-01  1.1168300E-01  1.1380800E-01  1.1603200E-01  1.2074300E-01
  1.2321300E-01  1.2574400E-01  1.3093901E-01  1.3621899E-01  1.4146800E-01
  1.4902800E-01  1.5955900E-01  1.6281401E-01  1.5723699E-01  1.5040100E-01
  1.4690000E-01  1.4409000E-01  1.4262199E-01  1.4302900E-01  1.4557800E-01
  1.5013500E-01  1.5605800E-01  1.6222499E-01  1.6707601E-01  1.6895001E-01
      1     12    555
  1.0000000E+00 -9.5027961E-02
  1.2987000E+03  1.1455699E+03  8.7550299E+02  6.6865399E+02  5.2151599E+02
  4.1495001E+02  3.3588800E+02  2.2986501E+02  1.6480299E+02  1.2260800E+02
  7.3979202E+01  4.8793201E+01  3.4475800E+01  2.5743299E+01  2.0106899E+01
  1.6289101E+01  1.3592500E+01  8.9624500E+00  7.2680702E+00  4.8105001E+00
  3.3929400E+00  2.4404600E+00  1.7681100E+00  1.2864300E+00  9.3979001E-01
  6.8958801E-01  5.0853997E-01  3.7726700E-01  2.8201699E-01  2.1306100E-01
  1.6333701E-01  1.2771299E-01  1.0239300E-01  8.4703900E-02  7.2758399E-02
  6.5315902E-02  6.1573301E-02  6.1019901E-02  6.3080497E-02  6.5115497E-02
  6.6609301E-02  6.8117797E-02  7.0867702E-02  7.5953998E-02  8.1843898E-02
  9.0609103E-02  1.0337100E-01  1.1169800E-01  1.2160500E-01  1.4709300E-01
  1.6297799E-01  1.8058600E-01  1.9872300E-01  2.1522200E-01  2.3578499E-01
  2.3984601E-01  2.4079201E-01  2.3659401E-01  2.2918899E-01  2.2175200E-01
  2.1432300E-01  2.1796000E-01  2.5507501E-01  2.9699501E-01  3.2147399E-01
  3.2792199E-01  3.3157000E-01  3.3774099E-01  3.4983999E-01  3.6757299E-01
  3.8944799E-01  4.1435599E-01  4.4540799E-01  5.0080401E-01  5.8796901E-01
      2     12    555
  1.0000000E+00 -8.6698048E-02
  5.1514102E+03  3.4783701E+03  2.0637800E+03  1.3218400E+03  8.9821600E+02
  6.3837799E+02  4.6995901E+02  2.7609299E+02  1.7594501E+02  1.1924900E+02
  6.2966702E+01  3.8262798E+01  2.5862000E+01  1.8988100E+01  1.4863300E+01
  1.2212800E+01  1.0406300E+01  7.3709202E+00  6.2246299E+00  4.3910198E+00
  3.1853900E+00  2.3147399E+00  1.6777400E+00  1.2117000E+00  8.7226897E-01
  6.2649900E-01  4.4897601E-01  3.2134399E-01  2.3033500E-01  1.6618100E-01
  1.2152700E-01  9.0828598E-02  7.0027299E-02  5.6215800E-02  4.7405701E-02
  4.2343199E-02  4.0393200E-02  4.1390400E-02  4.5672301E-02  4.9941000E-02
  5.3342398E-02  5.6933101E-02  6.1544500E-02  6.4927101E-02  6.9348402E-02
  7.8434102E-02  9.5206402E-02  1.0790600E-01  1.2468000E-01  1.7472200E-01
  2.0723300E-01  2.3667100E-01  2.5408700E-01  2.5966001E-01  2.4879800E-01
  2.3884000E-01  2.2838899E-01  2.0948000E-01  1.9487301E-01  1.8439899E-01
  1.7484599E-01  1.7199799E-01  1.9114800E-01  2.2148500E-01  2.4694701E-01
  2.5759101E-01  2.6649800E-01  2.7873999E-01  2.9842499E-01  3.2487100E-01
  3.5623899E-01  3.8892701E-01  4.2080301E-01  4.7143799E-01  6.4818102E-01
      3     12    555
  9.8368299E-01  5.0323623E-01
  1.6274400E+02  1.5860001E+02  1.4762601E+02  1.3320399E+02  1.1859400E+02
  1.0555500E+02  9.4406303E+01  7.6587898E+01  6.3243000E+01  5.3094700E+01
  3.9040798E+01  3.0076599E+01  2.4053200E+01  1.9829201E+01  1.6758801E+01
  1.4456800E+01  1.2682700E+01  9.2174196E+00  7.7673202E+00  5.4747100E+00
  4.0794802E+00  3.1103101E+00  2.3964901E+00  1.8583601E+00  1.4489400E+00
  1.1361500E+00  8.9662999E-01  7.1284902E-01  5.7165700E-01  4.6310899E-01
  3.7961701E-01  3.1535801E-01  2.6578501E-01  2.2725400E-01  1.9682200E-01
  1.7281500E-01  1.5455800E-01  1.4130400E-01  1.3238600E-01  1.2894200E-01
  1.2740000E-01  1.2648401E-01  1.2627999E-01  1.2757900E-01  1.2936901E-01
  1.3197400E-01  1.3551000E-01  1.3767600E-01  1.4012700E-01  1.4599200E-01
  1.4946800E-01  1.5335800E-01  1.5771000E-01  1.6257200E-01  1.7406400E-01
  1.8082900E-01  1.8838800E-01  2.0624000E-01  2.2854000E-01  2.5623801E-01
  3.0833000E-01  3.9300099E-01  4.2424601E-01  4.2211300E-01  4.2640701E-01
  4.3199599E-01  4.4022501E-01  4.5103401E-01  4.6390000E-01  4.7784901E-01
  4.9144900E-01  5.0319302E-01  5.1259601E-01  5.2296001E-01  5.4006898E-01
      4     12    555
  9.8716497E-01  4.0185797E-01
  2.5092900E+02  2.4179700E+02  2.1878999E+02  1.9108200E+02  1.6556799E+02
  1.4426300E+02  1.2656100E+02  9.9199997E+01  7.9621597E+01  6.5231102E+01
  4.6091400E+01  3.4427299E+01  2.6872000E+01  2.1732300E+01  1.8090799E+01
  1.5419100E+01  1.3397200E+01  9.5439596E+00  7.9714799E+00  5.5301199E+00
  4.0590601E+00  3.0443001E+00  2.3059700E+00  1.7579300E+00  1.3479400E+00
  1.0400600E+00  8.0827701E-01  6.3338900E-01  5.0113899E-01  4.0095001E-01
  3.2500499E-01  2.6746199E-01  2.2396199E-01  1.9117200E-01  1.6652200E-01
  1.4786001E-01  1.3335399E-01  1.2196800E-01  1.1397500E-01  1.1093700E-01
  1.0968200E-01  1.0904100E-01  1.0934600E-01  1.1131500E-01  1.1370300E-01
  1.1710700E-01  1.2169200E-01  1.2450600E-01  1.2772200E-01  1.3551000E-01
  1.4019300E-01  1.4548901E-01  1.5146200E-01  1.5819199E-01  1.7428701E-01
  1.8382800E-01  1.9445901E-01  2.1900500E-01  2.4657901E-01  2.7255699E-01
  3.0031800E-01  3.2878000E-01  3.5430300E-01  3.6061701E-01  3.5901800E-01
  3.5962099E-01  3.6274499E-01  3.6877599E-01  3.7744701E-01  3.8802499E-01
  3.9978400E-01  4.1304600E-01  4.3160400E-01  4.6707001E-01  5.1516199E-01
      5     12    555
  9.9557000E-01  2.0543072E-01
  9.7130402E+02  8.5734497E+02  6.5635999E+02  5.0241699E+02  3.9290601E+02
  3.1358499E+02  2.5472900E+02  1.7577901E+02  1.2730100E+02  9.5831497E+01
  5.9484798E+01  4.0566601E+01  2.9727600E+01  2.3041300E+01  1.8658800E+01
  1.5631900E+01  1.3443400E+01  9.4861698E+00  7.9171000E+00  5.4381399E+00
  3.8902800E+00  2.8169601E+00  2.0510099E+00  1.5004400E+00  1.1037700E+00
  8.1724602E-01  6.0963202E-01  4.5868900E-01  3.4864399E-01  2.6833600E-01
  2.0973501E-01  1.6705100E-01  1.3605000E-01  1.1373300E-01  9.7967401E-02
  8.7306902E-02  8.0777101E-02  7.7730902E-02  7.7555202E-02  7.8436501E-02
  7.9277799E-02  8.0247603E-02  8.2280204E-02  8.6306602E-02  9.0992197E-02
  9.7931601E-02  1.0796100E-01  1.1446700E-01  1.2217800E-01  1.4191100E-01
  1.5415899E-01  1.6771799E-01  1.8169899E-01  1.9449000E-01  2.1089800E-01
  2.1451101E-01  2.1582900E-01  2.1399300E-01  2.0983100E-01  2.0567200E-01
  2.0214801E-01  2.0743100E-01  2.3535700E-01  2.6539499E-01  2.8272799E-01
  2.8724200E-01  2.8987300E-01  2.9463801E-01  3.0409300E-01  3.1799901E-01
  3.3518100E-01  3.5470301E-01  3.7872401E-01  4.2060500E-01  4.8571199E-01
      6     12    555
  9.9863797E-01  9.0438269E-02
  4.2632002E+03  2.8800801E+03  1.7106200E+03  1.0972400E+03  7.4700800E+02
  5.3217200E+02  3.9290900E+02  2.3256599E+02  1.4968700E+02  1.0272100E+02
  5.5985298E+01  3.5346100E+01  2.4877199E+01  1.8981800E+01  1.5366300E+01
  1.2978500E+01  1.1298100E+01  8.2878103E+00  7.0541801E+00  4.9694901E+00
  3.5715499E+00  2.5727100E+00  1.8533601E+00  1.3350900E+00  9.6237803E-01
  6.9496399E-01  5.0300401E-01  3.6537001E-01  2.6707599E-01  1.9732900E-01
  1.4819500E-01  1.1381500E-01  8.9949399E-02  7.3577397E-02  6.2620200E-02
  5.5735100E-02  5.2182000E-02  5.1677201E-02  5.4403901E-02  5.7668101E-02
  6.0392100E-02  6.3342400E-02  6.7257702E-02  7.0315398E-02  7.4234001E-02
  8.2082003E-02  9.6358202E-02  1.0709000E-01  1.2120900E-01  1.6313800E-01
  1.9032100E-01  2.1498100E-01  2.2971900E-01  2.3468199E-01  2.2645700E-01
  2.1862000E-01  2.1038599E-01  1.9558799E-01  1.8436199E-01  1.7655000E-01
  1.6987599E-01  1.6922000E-01  1.8557900E-01  2.0982400E-01  2.2987100E-01
  2.3816800E-01  2.4514000E-01  2.5507501E-01  2.7144599E-01  2.9372501E-01
  3.2036501E-01  3.4828800E-01  3.7556300E-01  4.1813901E-01  5.6452698E-01
      7     12    555
  9.7687501E-01  7.6072371E-01
  1.1893200E+02  1.1599000E+02  1.0820000E+02  9.7960503E+01  8.7586098E+01
  7.8326103E+01  7.0405602E+01  5.7740200E+01  4.8244900E+01  4.1013901E+01
  3.0971100E+01  2.4528601E+01  2.0164700E+01  1.7072100E+01  1.4794700E+01
  1.3060700E+01  1.1700400E+01  8.9402599E+00  7.7183299E+00  5.6525502E+00
  4.2943301E+00  3.3076999E+00  2.5634699E+00  1.9951200E+00  1.5595400E+00
  1.2253100E+00  9.6867001E-01  7.7136999E-01  6.1952901E-01  5.0256699E-01
  4.1239899E-01  3.4283701E-01  2.8909099E-01  2.4738900E-01  2.1474300E-01
  1.8928599E-01  1.7002299E-01  1.5604100E-01  1.4657900E-01  1.4285800E-01
  1.4114200E-01  1.4004400E-01  1.3953599E-01  1.4044701E-01  1.4189699E-01
  1.4407000E-01  1.4704300E-01  1.4886200E-01  1.5091600E-01  1.5580100E-01
  1.5867500E-01  1.6187000E-01  1.6541900E-01  1.6935600E-01  1.7854901E-01
  1.8389700E-01  1.8982300E-01  2.0364501E-01  2.2063500E-01  2.4142900E-01
  2.7997300E-01  3.4219599E-01  3.6684901E-01  3.6832300E-01  3.7441999E-01
  3.8023001E-01  3.8808399E-01  3.9788499E-01  4.0919101E-01  4.2122000E-01
  4.3285301E-01  4.4290400E-01  4.5091099E-01  4.5911601E-01  4.7155100E-01
      8     12    555
  9.9294198E-01  4.0461272E-01
  7.7573499E+02  6.8517499E+02  5.2545599E+02  4.0311600E+02  3.1608200E+02
  2.5303500E+02  2.0624800E+02  1.4347099E+02  1.0490000E+02  7.9836700E+01
  5.0826599E+01  3.5652401E+01  2.6891399E+01  2.1427299E+01  1.7793800E+01
  1.5239300E+01  1.3354300E+01  9.7990103E+00  8.3047895E+00  5.8130498E+00
  4.1873598E+00  3.0418701E+00  2.2200100E+00  1.6282700E+00  1.2017200E+00
  8.9350200E-01  6.7001897E-01  5.0732702E-01  3.8844299E-01  3.0135399E-01
  2.3745100E-01  1.9055000E-01  1.5615501E-01  1.3107300E-01  1.1302600E-01
  1.0044300E-01  9.2248403E-02  8.7713100E-02  8.6201601E-02  8.6393699E-02
  8.6845197E-02  8.7493300E-02  8.9097500E-02  9.2490703E-02  9.6456803E-02
  1.0230600E-01  1.1070200E-01  1.1612100E-01  1.2252000E-01  1.3881500E-01
  1.4889100E-01  1.6003101E-01  1.7152999E-01  1.8210500E-01  1.9603100E-01
  1.9937600E-01  2.0091701E-01  2.0049299E-01  1.9826800E-01  1.9606701E-01
  1.9487600E-01  2.0114200E-01  2.2357900E-01  2.4651900E-01  2.5958300E-01
  2.6294300E-01  2.6496500E-01  2.6888999E-01  2.7676600E-01  2.8838700E-01
  3.0276600E-01  3.1907001E-01  3.3889100E-01  3.7269899E-01  4.2462900E-01
      9     12    555
  9.9767202E-01  2.2505009E-01
  3.6319800E+03  2.4548999E+03  1.4596500E+03  9.3762701E+02  6.3954999E+02
  4.5669601E+02  3.3815302E+02  2.0163300E+02  1.3102699E+02  9.0975403E+01
  5.1023800E+01  3.3273300E+01  2.4177401E+01  1.8977200E+01  1.5723700E+01
  1.3522600E+01  1.1931900E+01  8.9394102E+00  7.6437101E+00  5.3805900E+00
  3.8459799E+00  2.7560401E+00  1.9781600E+00  1.4227800E+00  1.0264200E+00
  7.4361902E-01  5.4140002E-01  3.9665699E-01  2.9318699E-01  2.1946500E-01
  1.6714700E-01  1.3015001E-01  1.0410700E-01  8.5915603E-02  7.3432498E-02
  6.5252200E-02  6.0559802E-02  5.8987599E-02  6.0609099E-02  6.3159503E-02
  6.5402001E-02  6.7897297E-02  7.1317799E-02  7.4144699E-02  7.7706099E-02
  8.4674299E-02  9.7176798E-02  1.0651000E-01  1.1874300E-01  1.5490501E-01
  1.7830300E-01  1.9956701E-01  2.1240200E-01  2.1693100E-01  2.1058001E-01
  2.0424999E-01  1.9759201E-01  1.8571500E-01  1.7689200E-01  1.7097200E-01
  1.6634300E-01  1.6724600E-01  1.8162100E-01  2.0153700E-01  2.1773601E-01
  2.2436400E-01  2.2996201E-01  2.3825701E-01  2.5227299E-01  2.7159101E-01
  2.9487100E-01  3.1940800E-01  3.4341300E-01  3.8026100E-01  5.0507700E-01
     10     12    555
  9.6061897E-01  1.5294154E+00
  1.1810700E+01  1.1808300E+01  1.1800900E+01  1.1788600E+01  1.1771600E+01
  1.1749800E+01  1.1723400E+01  1.1657200E+01  1.1574300E+01  1.1476200E+01
  1.1240600E+01  1.0963600E+01  1.0657100E+01  1.0331000E+01  9.9926205E+00
  9.6472101E+00  9.2987299E+00  8.2625999E+00  7.5985398E+00  6.0873899E+00
  4.8196402E+00  3.7903299E+00  2.9717600E+00  2.3295100E+00  1.8299500E+00
  1.4433200E+00  1.1448100E+00  9.1445500E-01  7.3657697E-01  5.9904200E-01
  4.9255300E-01  4.1002500E-01  3.4607399E-01  2.9661801E-01  2.5856000E-01
  2.2955699E-01  2.0783700E-01  1.9207400E-01  1.8128100E-01  1.7688499E-01
  1.7474200E-01  1.7319800E-01  1.7194501E-01  1.7191000E-01  1.7253000E-01
  1.7364700E-01  1.7524201E-01  1.7621300E-01  1.7729600E-01  1.7978600E-01
  1.8118501E-01  1.8268000E-01  1.8426900E-01  1.8594199E-01  1.8951499E-01
  1.9139799E-01  1.9333200E-01  1.9730000E-01  2.0130600E-01  2.0522299E-01
  2.1063900E-01  2.1797501E-01  2.2651300E-01  2.3680501E-01  2.4731199E-01
  2.5365999E-01  2.6059699E-01  2.6793599E-01  2.7542701E-01  2.8276199E-01
  2.8958401E-01  2.9549500E-01  3.0009201E-01  3.0301800E-01  3.0402300E-01
     11     12    555
  9.8290300E-01  1.3861560E+00
  1.8890100E+01  1.8882700E+01  1.8860500E+01  1.8823900E+01  1.8773100E+01
  1.8708599E+01  1.8631100E+01  1.8440100E+01  1.8206400E+01  1.7937201E+01
  1.7319700E+01  1.6634800E+01  1.5915000E+01  1.5181000E+01  1.4446200E+01
  1.3720000E+01  1.3009500E+01  1.1009700E+01  9.8051596E+00  7.2639699E+00
  5.3370700E+00  3.9122300E+00  2.8740001E+00  2.1229899E+00  1.5807900E+00
  1.1886100E+00  9.0371400E-01  6.9555199E-01  5.4246497E-01  4.2913401E-01
  3.4471101E-01  2.8148800E-01  2.3396100E-01  1.9817901E-01  1.7130201E-01
  1.5128000E-01  1.3664199E-01  1.2634400E-01  1.1966300E-01  1.1718800E-01
  1.1613100E-01  1.1553400E-01  1.1548000E-01  1.1642300E-01  1.1760500E-01
  1.1923300E-01  1.2131200E-01  1.2252100E-01  1.2384500E-01  1.2683600E-01
  1.2850299E-01  1.3028400E-01  1.3217600E-01  1.3417800E-01  1.3849901E-01
  1.4080800E-01  1.4320900E-01  1.4824601E-01  1.5351900E-01  1.5889400E-01
  1.6673200E-01  1.7680199E-01  1.7799801E-01  1.7346901E-01  1.7001399E-01
  1.6890299E-01  1.6857401E-01  1.6924800E-01  1.7101200E-01  1.7378700E-01
  1.7731699E-01  1.8117000E-01  1.8473800E-01  1.8730199E-01  1.8824001E-01
     12     12    555
  9.9219102E-01  1.1936233E+00
  2.5929501E+01  2.5912201E+01  2.5860399E+01  2.5775299E+01  2.5658199E+01
  2.5511499E+01  2.5337400E+01  2.4917999E+01  2.4423000E+01  2.3873699E+01
  2.2679800E+01  2.1431700E+01  2.0179300E+01  1.8951500E+01  1.7765800E+01
  1.6631300E+01  1.5552600E+01  1.2661900E+01  1.1011600E+01  7.7291198E+00
  5.4137602E+00  3.8033700E+00  2.6911600E+00  1.9237500E+00  1.3922499E+00
  1.0215800E+00  7.6075101E-01  5.7539898E-01  4.4235399E-01  3.4592500E-01
  2.7541700E-01  2.2347200E-01  1.8498901E-01  1.5640201E-01  1.3520201E-01
  1.1962200E-01  1.0842100E-01  1.0075100E-01  9.6058600E-02  9.4531000E-02
  9.4022997E-02  9.3918502E-02  9.4512902E-02  9.6020803E-02  9.7541302E-02
  9.9484198E-02  1.0185300E-01  1.0319800E-01  1.0465200E-01  1.0787500E-01
  1.0964200E-01  1.1150800E-01  1.1347100E-01  1.1552400E-01  1.1987700E-01
  1.2215900E-01  1.2450100E-01  1.2931401E-01  1.3421699E-01  1.3910601E-01
  1.4616400E-01  1.5596899E-01  1.5901101E-01  1.5419599E-01  1.4840899E-01
  1.4550801E-01  1.4325000E-01  1.4217900E-01  1.4273900E-01  1.4514001E-01
  1.4922599E-01  1.5441801E-01  1.5974300E-01  1.6387001E-01  1.6544800E-01
      1     12    670
  1.0000000E+00 -8.9877717E-02
  8.8922699E+02  8.1434302E+02  6.6172400E+02  5.2646802E+02  4.2509500E+02
  3.4797900E+02  2.8879401E+02  2.0590800E+02  1.5258200E+02  1.1665800E+02
  7.3439903E+01  4.9945499E+01  3.6072701E+01  2.7345600E+01  2.1566700E+01
  1.7568800E+01  1.4696100E+01  9.6521702E+00  7.7737598E+00  5.0523400E+00
  3.5138299E+00  2.5026901E+00  1.8013500E+00  1.3054900E+00  9.5211101E-01
  6.9890702E-01  5.1663601E-01  3.8490999E-01  2.8945899E-01  2.2030500E-01
  1.7027500E-01  1.3423100E-01  1.0844800E-01  9.0282798E-02  7.7875599E-02
  6.9980301E-02  6.5779299E-02  6.4722396E-02  6.6313803E-02  6.8244599E-02
  6.9851197E-02  7.1686402E-02  7.5318702E-02  8.1342503E-02  8.7677702E-02
  9.6646599E-02  1.0917500E-01  1.1708300E-01  1.2629600E-01  1.4916600E-01
  1.6278400E-01  1.7743801E-01  1.9219700E-01  2.0557299E-01  2.2338700E-01
  2.2770500E-01  2.2963400E-01  2.2829700E-01  2.2363500E-01  2.1840000E-01
  2.1304899E-01  2.1889099E-01  2.5813201E-01  2.9913801E-01  3.2023501E-01
  3.2398999E-01  3.2411799E-01  3.2573101E-01  3.3273199E-01  3.4571499E-01
  3.6408699E-01  3.8772801E-01  4.2063701E-01  4.7756299E-01  5.5045497E-01
      2     12    670
  9.9999797E-01 -9.1842167E-02
  3.5157700E+03  2.6184299E+03  1.6738101E+03  1.1297900E+03  7.9923700E+02
  5.8677002E+02  4.4379700E+02  2.7211200E+02  1.7910001E+02  1.2445000E+02
  6.7979897E+01  4.2078800E+01  2.8650299E+01  2.1027300E+01  1.6372801E+01
  1.3346900E+01  1.1271500E+01  7.7879601E+00  6.4952898E+00  4.4956102E+00
  3.2306499E+00  2.3359599E+00  1.6892300E+00  1.2201999E+00  8.8033998E-01
  6.3492697E-01  4.5791000E-01  3.3066100E-01  2.3972100E-01  1.7523199E-01
  1.2989999E-01  9.8354198E-02  7.6698497E-02  6.2065698E-02  5.2565899E-02
  4.6968699E-02  4.4586301E-02  4.5247700E-02  4.9155701E-02  5.3121399E-02
  5.6362700E-02  5.9916399E-02  6.5302998E-02  7.0888802E-02  7.6885797E-02
  8.7304696E-02  1.0487200E-01  1.1753500E-01  1.3368000E-01  1.7839999E-01
  2.0497800E-01  2.2800300E-01  2.4209499E-01  2.4752800E-01  2.4126901E-01
  2.3387700E-01  2.2570500E-01  2.0990300E-01  1.9693799E-01  1.8731400E-01
  1.7860401E-01  1.7785600E-01  2.0246300E-01  2.3757400E-01  2.6459301E-01
  2.7476501E-01  2.8223801E-01  2.9188401E-01  3.0841300E-01  3.3158401E-01
  3.5942301E-01  3.8868600E-01  4.1961601E-01  4.7676101E-01  6.3345402E-01
      3     12    670
  9.8501903E-01  5.1216149E-01
  1.2625100E+02  1.2405000E+02  1.1799600E+02  1.0946400E+02  1.0003600E+02
  9.0918404E+01  8.2702499E+01  6.9129501E+01  5.8507599E+01  5.0128201E+01
  3.8032398E+01  2.9951799E+01  2.4322100E+01  2.0257900E+01  1.7233299E+01
  1.4922000E+01  1.3113700E+01  9.5129995E+00  7.9848399E+00  5.5679202E+00
  4.1144700E+00  3.1188700E+00  2.3937800E+00  1.8515300E+00  1.4412900E+00
  1.1291300E+00  8.9077199E-01  7.0829499E-01  5.6829500E-01  4.6070001E-01
  3.7793800E-01  3.1424001E-01  2.6510799E-01  2.2701301E-01  1.9716001E-01
  1.7372400E-01  1.5584400E-01  1.4285401E-01  1.3417800E-01  1.3088299E-01
  1.2946700E-01  1.2867400E-01  1.2870400E-01  1.3029601E-01  1.3231800E-01
  1.3519500E-01  1.3906001E-01  1.4140500E-01  1.4405100E-01  1.5036500E-01
  1.5409601E-01  1.5825801E-01  1.6289300E-01  1.6805799E-01  1.8019100E-01
  1.8729000E-01  1.9517100E-01  2.1359099E-01  2.3615400E-01  2.6345500E-01
  3.1231201E-01  3.8759699E-01  4.1586000E-01  4.0853199E-01  4.0575501E-01
  4.0710899E-01  4.1080201E-01  4.1699901E-01  4.2555699E-01  4.3594399E-01
  4.4740000E-01  4.5933101E-01  4.7227699E-01  4.8886201E-01  5.0844800E-01
      4     12    670
  9.8840600E-01  4.0654629E-01
  1.9061099E+02  1.8583800E+02  1.7316000E+02  1.5641100E+02  1.3933800E+02
  1.2402300E+02  1.1089100E+02  8.9864502E+01  7.4069801E+01  6.2037800E+01
  4.5341099E+01  3.4675900E+01  2.7508499E+01  2.2486200E+01  1.8841299E+01
  1.6114300E+01  1.4017800E+01  9.9457998E+00  8.2618504E+00  5.6504998E+00
  4.1012001E+00  3.0513301E+00  2.2983999E+00  1.7454600E+00  1.3350300E+00
  1.0285800E+00  7.9883301E-01  6.2599099E-01  4.9555299E-01  3.9686200E-01
  3.2207200E-01  2.6538599E-01  2.2248501E-01  1.9010600E-01  1.6574401E-01
  1.4737400E-01  1.3333800E-01  1.2259800E-01  1.1518300E-01  1.1244800E-01
  1.1138800E-01  1.1094400E-01  1.1157300E-01  1.1389500E-01  1.1656400E-01
  1.2025800E-01  1.2517500E-01  1.2816601E-01  1.3155200E-01  1.3967800E-01
  1.4451300E-01  1.4994000E-01  1.5601400E-01  1.6279601E-01  1.7873301E-01
  1.8800101E-01  1.9817001E-01  2.2098000E-01  2.4554200E-01  2.6840299E-01
  2.9443201E-01  3.2475501E-01  3.4995800E-01  3.5239699E-01  3.4532601E-01
  3.4219399E-01  3.4129101E-01  3.4341800E-01  3.4868300E-01  3.5677499E-01
  3.6751401E-01  3.8178301E-01  4.0297100E-01  4.3838501E-01  4.7630399E-01
      5     12    670
  9.9607497E-01  1.9749035E-01
  7.0574103E+02  6.4660101E+02  5.2606897E+02  4.1924701E+02  3.3918100E+02
  2.7827100E+02  2.3151900E+02  1.6603400E+02  1.2388700E+02  9.5477303E+01
  6.1253799E+01  4.2593201E+01  3.1522499E+01  2.4510401E+01  1.9823999E+01
  1.6543400E+01  1.4151900E+01  9.8131304E+00  8.1091604E+00  5.4803100E+00
  3.8891301E+00  2.8053701E+00  2.0394399E+00  1.4918100E+00  1.0984200E+00
  8.1467903E-01  6.0917002E-01  4.5969900E-01  3.5060200E-01  2.7083901E-01
  2.1247500E-01  1.6981900E-01  1.3874900E-01  1.1632100E-01  1.0044100E-01
  8.9670897E-02  8.3033398E-02  7.9854503E-02  7.9572603E-02  8.0510400E-02
  8.1516199E-02  8.2800299E-02  8.5597299E-02  9.0488300E-02  9.5692001E-02
  1.0306400E-01  1.1333400E-01  1.1979900E-01  1.2731700E-01  1.4592600E-01
  1.5698600E-01  1.6888399E-01  1.8088600E-01  1.9181500E-01  2.0667000E-01
  2.1050000E-01  2.1245800E-01  2.1231200E-01  2.0957799E-01  2.0640700E-01
  2.0358400E-01  2.1003400E-01  2.4147600E-01  2.7339000E-01  2.8971899E-01
  2.9262301E-01  2.9278499E-01  2.9426801E-01  3.0015999E-01  3.1091499E-01
  3.2602200E-01  3.4531799E-01  3.7186801E-01  4.1721600E-01  4.7492301E-01
      6     12    670
  9.9880499E-01  8.1851527E-02
  3.0104800E+03  2.2429399E+03  1.4349500E+03  9.6960699E+02  6.8685602E+02
  5.0510800E+02  3.8279901E+02  2.3590800E+02  1.5630200E+02  1.0950200E+02
  6.1077202E+01  3.8788898E+01  2.7164400E+01  2.0504801E+01  1.6385700E+01
  1.3662800E+01  1.1757100E+01  8.4167099E+00  7.0983701E+00  4.9514899E+00
  3.5511701E+00  2.5591800E+00  1.8465300E+00  1.3336300E+00  9.6457201E-01
  6.9939703E-01  5.0872302E-01  3.7174600E-01  2.7362099E-01  2.0362800E-01
  1.5395200E-01  1.1890500E-01  9.4387501E-02  7.7405900E-02  6.5960698E-02
  5.8726601E-02  5.4922000E-02  5.4265302E-02  5.6838401E-02  5.9960701E-02
  6.2628202E-02  6.5620601E-02  7.0263498E-02  7.5202897E-02  8.0509901E-02
  8.9655101E-02  1.0497100E-01  1.1596700E-01  1.2995601E-01  1.6860600E-01
  1.9155900E-01  2.1148500E-01  2.2378300E-01  2.2868600E-01  2.2387400E-01
  2.1783701E-01  2.1114001E-01  1.9822800E-01  1.8775700E-01  1.8014599E-01
  1.7359699E-01  1.7420800E-01  1.9567899E-01  2.2524500E-01  2.4780799E-01
  2.5625199E-01  2.6246300E-01  2.7066401E-01  2.8492501E-01  3.0505401E-01
  3.2933801E-01  3.5493800E-01  3.8196000E-01  4.3126500E-01  5.6545299E-01
      7     12    670
  9.7776997E-01  7.7916741E-01
  9.6559303E+01  9.4922798E+01  9.0420097E+01  8.4074402E+01  7.7061600E+01
  7.0278900E+01  6.4165604E+01  5.4062500E+01  4.6150299E+01  3.9902599E+01
  3.0866400E+01  2.4806900E+01  2.0562599E+01  1.7477100E+01  1.5160900E+01
  1.3372300E+01  1.1956100E+01  9.0601196E+00  7.7796202E+00  5.6440501E+00
  4.2693400E+00  3.2839200E+00  2.5455999E+00  1.9833200E+00  1.5526299E+00
  1.2219599E+00  9.6773303E-01  7.7201402E-01  6.2113798E-01  5.0468802E-01
  4.1475001E-01  3.4526601E-01  2.9152700E-01  2.4986100E-01  2.1738400E-01
  1.9211900E-01  1.7295399E-01  1.5903200E-01  1.4964800E-01  1.4599100E-01
  1.4433999E-01  1.4330700E-01  1.4293700E-01  1.4403500E-01  1.4564000E-01
  1.4800100E-01  1.5121099E-01  1.5316300E-01  1.5536501E-01  1.6060200E-01
  1.6368200E-01  1.6710301E-01  1.7089701E-01  1.7510200E-01  1.8490300E-01
  1.9059099E-01  1.9687100E-01  2.1142600E-01  2.2907101E-01  2.5022301E-01
  2.8775099E-01  3.4549299E-01  3.6871901E-01  3.6565700E-01  3.6586300E-01
  3.6819699E-01  3.7236601E-01  3.7845701E-01  3.8631400E-01  3.9548299E-01
  4.0532801E-01  4.1533801E-01  4.2583901E-01  4.3872401E-01  4.5347500E-01
      8     12    670
  9.9351001E-01  3.9742991E-01
  5.8501202E+02  5.3623199E+02  4.3681100E+02  3.4869800E+02  2.8265302E+02
  2.3240500E+02  1.9383400E+02  1.3979800E+02  1.0500700E+02  8.1540901E+01
  5.3235699E+01  3.7755699E+01  2.8528500E+01  2.2644899E+01  1.8677401E+01
  1.5868700E+01  1.3793900E+01  9.9190397E+00  8.3298502E+00  5.7618999E+00
  4.1360698E+00  3.0045300E+00  2.1960900E+00  1.6144100E+00  1.1946800E+00
  8.9085400E-01  6.7005497E-01  5.0890899E-01  3.9083299E-01  3.0408800E-01
  2.4024101E-01  1.9323599E-01  1.5868700E-01  1.3345300E-01  1.1528800E-01
  1.0262700E-01  9.4386101E-02  8.9811102E-02  8.8296600E-02  8.8581003E-02
  8.9191400E-02  9.0112902E-02  9.2360400E-02  9.6506000E-02  1.0096500E-01
  1.0728600E-01  1.1607000E-01  1.2158600E-01  1.2798800E-01  1.4379400E-01
  1.5317100E-01  1.6325600E-01  1.7344400E-01  1.8276300E-01  1.9567101E-01
  1.9917899E-01  2.0115700E-01  2.0179400E-01  2.0032901E-01  1.9851600E-01
  1.9735600E-01  2.0420700E-01  2.3051600E-01  2.5644901E-01  2.6964101E-01
  2.7198499E-01  2.7216899E-01  2.7356601E-01  2.7872899E-01  2.8801700E-01
  3.0097601E-01  3.1741300E-01  3.3977899E-01  3.7751001E-01  4.2522499E-01
      9     12    670
  9.9790698E-01  2.1781628E-01
  2.6295701E+03  1.9598700E+03  1.2548800E+03  8.4885303E+02  6.0213800E+02
  4.4354700E+02  3.3681601E+02  2.0861501E+02  1.3911501E+02  9.8233597E+01
  5.5873600E+01  3.6308800E+01  2.6044300E+01  2.0110901E+01  1.6395500E+01
  1.3900900E+01  1.2123200E+01  8.8906898E+00  7.5530100E+00  5.2951498E+00
  3.7927999E+00  2.7274599E+00  1.9651099E+00  1.4191500E+00  1.0280700E+00
  7.4799800E-01  5.4702902E-01  4.0271899E-01  2.9917601E-01  2.2503400E-01
  1.7208400E-01  1.3439800E-01  1.0772200E-01  8.8970199E-02  7.6058500E-02
  6.7590401E-02  6.2713601E-02  6.1063301E-02  6.2629998E-02  6.5116599E-02
  6.7351401E-02  6.9920696E-02  7.4003004E-02  7.8455001E-02  8.3241902E-02
  9.1426902E-02  1.0504500E-01  1.1478600E-01  1.2714900E-01  1.6122299E-01
  1.8144301E-01  1.9903401E-01  2.0997800E-01  2.1448100E-01  2.1076100E-01
  2.0574500E-01  2.0016000E-01  1.8942700E-01  1.8083701E-01  1.7474300E-01
  1.6982301E-01  1.7145801E-01  1.9056500E-01  2.1595100E-01  2.3515500E-01
  2.4229600E-01  2.4755600E-01  2.5466800E-01  2.6721901E-01  2.8505400E-01
  3.0665800E-01  3.2949799E-01  3.5357401E-01  3.9696801E-01  5.1419002E-01
     10     12    670
  9.5734900E-01  1.6471386E+00
  1.0491900E+01  1.0490300E+01  1.0485300E+01  1.0477000E+01  1.0465400E+01
  1.0450600E+01  1.0432600E+01  1.0387300E+01  1.0330000E+01  1.0261600E+01
  1.0094500E+01  9.8932400E+00  9.6649904E+00  9.4164696E+00  9.1533604E+00
  8.8801899E+00  8.6005001E+00  7.7473402E+00  7.1847601E+00  5.8647299E+00
  4.7182698E+00  3.7623301E+00  2.9856601E+00  2.3653500E+00  1.8753800E+00
  1.4910600E+00  1.1908200E+00  9.5671701E-01  7.7431297E-01  6.3219398E-01
  5.2145499E-01  4.3520001E-01  3.6810899E-01  3.1609300E-01  2.7600801E-01
  2.4544300E-01  2.2255200E-01  2.0592500E-01  1.9449300E-01  1.8978301E-01
  1.8745100E-01  1.8572199E-01  1.8419400E-01  1.8385901E-01  1.8425700E-01
  1.8512300E-01  1.8643300E-01  1.8724599E-01  1.8816000E-01  1.9027500E-01
  1.9146700E-01  1.9274300E-01  1.9409700E-01  1.9552299E-01  1.9856100E-01
  2.0015900E-01  2.0179699E-01  2.0515200E-01  2.0853999E-01  2.1186601E-01
  2.1655400E-01  2.2344600E-01  2.3207100E-01  2.4137500E-01  2.5022799E-01
  2.5540099E-01  2.6095101E-01  2.6673299E-01  2.7255800E-01  2.7819499E-01
  2.8337499E-01  2.8781301E-01  2.9122999E-01  2.9338801E-01  2.9412699E-01
     11     12    670
  9.8160601E-01  1.4880587E+00
  1.6566200E+01  1.6561399E+01  1.6546900E+01  1.6522900E+01  1.6489500E+01
  1.6447001E+01  1.6395599E+01  1.6267500E+01  1.6108601E+01  1.5922300E+01
  1.5482800E+01  1.4978100E+01  1.4431800E+01  1.3861300E+01  1.3278500E+01
  1.2691900E+01  1.2108000E+01  1.0417700E+01  9.3689404E+00  7.0877700E+00
  5.2987700E+00  3.9422400E+00  2.9336901E+00  2.1916499E+00  1.6479400E+00
  1.2495199E+00  9.5672798E-01  7.4060899E-01  5.8025599E-01  4.6064299E-01
  3.7097800E-01  3.0349001E-01  2.5256199E-01  2.1412000E-01  1.8519700E-01
  1.6362900E-01  1.4783999E-01  1.3669100E-01  1.2937300E-01  1.2658100E-01
  1.2533000E-01  1.2454400E-01  1.2420400E-01  1.2484000E-01  1.2579399E-01
  1.2716600E-01  1.2895299E-01  1.3000099E-01  1.3115101E-01  1.3375600E-01
  1.3520800E-01  1.3675700E-01  1.3840300E-01  1.4014199E-01  1.4388300E-01
  1.4587700E-01  1.4794500E-01  1.5227100E-01  1.5678000E-01  1.6136099E-01
  1.6803300E-01  1.7676800E-01  1.7891400E-01  1.7668200E-01  1.7510200E-01
  1.7481001E-01  1.7510000E-01  1.7609300E-01  1.7782000E-01  1.8020400E-01
  1.8304799E-01  1.8602601E-01  1.8869001E-01  1.9055299E-01  1.9122501E-01
     12     12    670
  9.9180502E-01  1.2930322E+00
  2.2464899E+01  2.2454000E+01  2.2421801E+01  2.2368401E+01  2.2294600E+01
  2.2201300E+01  2.2089701E+01  2.1816099E+01  2.1485100E+01  2.1108101E+01
  2.0258200E+01  1.9334101E+01  1.8377899E+01  1.7415001E+01  1.6462099E+01
  1.5530800E+01  1.4628700E+01  1.2134800E+01  1.0664700E+01  7.6472998E+00
  5.4465799E+00  3.8792200E+00  2.7767000E+00  2.0044301E+00  1.4626800E+00
  1.0806400E+00  8.0920798E-01  6.1470503E-01  4.7408599E-01  3.7154600E-01
  2.9618499E-01  2.4043401E-01  1.9899100E-01  1.6812000E-01  1.4517100E-01
  1.2825701E-01  1.1604200E-01  1.0759100E-01  1.0227000E-01  1.0040500E-01
  9.9678896E-02  9.9352300E-02  9.9597402E-02  1.0071400E-01  1.0194100E-01
  1.0355400E-01  1.0555400E-01  1.0669700E-01  1.0793500E-01  1.1069200E-01
  1.1220700E-01  1.1380900E-01  1.1549500E-01  1.1726100E-01  1.2101100E-01
  1.2298200E-01  1.2500800E-01  1.2918700E-01  1.3346800E-01  1.3776000E-01
  1.4398900E-01  1.5263399E-01  1.5556400E-01  1.5233999E-01  1.4855300E-01
  1.4677501E-01  1.4552701E-01  1.4518100E-01  1.4602900E-01  1.4816700E-01
  1.5142800E-01  1.5537301E-01  1.5928499E-01  1.6222700E-01  1.6332901E-01
