      45.0000      39.5865      40.0366      46.2376      44.7445
      45.5000      40.0617      40.5366      46.7278      45.2261
      46.0000      40.5263      41.0366      47.2138      45.7076
      46.5000      41.0190      41.5366      47.6857      46.1890
      47.0000      41.5724      42.0366      48.1873      46.7647
      47.5000      42.1186      42.5366      48.6948      47.2794
      48.0000      42.6940      43.0232      49.2001      47.7789
      48.5000      43.2160      43.4932      49.6872      48.2624
      49.0000      43.7668      43.9422      50.1530      48.7565
      49.5000      44.3046      44.4221      50.6305      49.2377
      50.0000      44.8374      44.9372      51.1181      49.7180
      50.5000      45.3331      45.4836      51.5692      50.1863
      51.0000      45.8305      46.0290      52.0465      50.6401
      51.5000      46.3206      46.5544      52.5068      51.0859
      52.0000      46.8089      47.0659      52.9655      51.5584
      52.5000      47.2903      47.5552      53.3935      52.0111
      53.0000      47.7779      48.0517      53.8318      52.4372
      53.5000      48.2654      48.5465      54.3171      52.8956
      54.0000      48.7685      49.0548      54.7890      53.3610
      54.5000      49.2457      49.5393      55.2755      53.8524
      55.0000      49.7632      50.0483      55.7902      54.3401
      55.5000      50.2703      50.5494      56.3189      54.8268
      56.0000      50.7920      51.0528      56.8374      55.3135
      56.5000      51.2907      51.5574      57.3708      55.8002
      57.0000      51.8080      52.0640      57.8958      56.2868
      57.5000      52.3198      52.5653      58.4070      56.7734
      58.0000      52.8426      53.0868      58.9377      57.2600
      58.5000      53.3548      53.5799      59.4406      57.7466
      59.0000      53.9035      54.0699      59.9471      58.2331
      59.5000      54.3998      54.5599      60.4264      58.7197
      60.0000      54.9676      55.0499      60.9161      59.2063
      60.5000      55.4613      55.5399      61.3860      59.6928
      61.0000      55.9899      56.0299      61.8810      60.1792
      61.5000      56.4723      56.5198      62.3979      60.6657
      62.0000      56.9854      57.0098      62.9083      61.1522
      62.5000      57.4656      57.4998      63.3929      61.6387
      63.0000      57.9493      57.9898      63.8728      62.1252
      63.5000      58.4161      58.4798      64.3552      62.6116
      64.0000      58.9045      58.9698      64.8576      63.0981
      64.5000      59.3629      59.4598      65.3742      63.5845
      65.0000      59.8204      59.9497      65.8913      64.0710
      65.5000      60.2894      60.4397      66.3948      64.5575
      66.0000      60.7620      60.9297      66.8828      65.0440
      66.5000      61.2490      61.4197      67.3728      65.5490
      67.0000      61.7254      61.9097      67.8560      66.0332
      67.5000      62.2295      62.3997      68.3600      66.5222
      68.0000      62.7456      62.8896      68.8601      67.0351
      68.5000      63.2660      63.3796      69.3560      67.5456
      69.0000      63.8300      63.8696      69.8458      68.0467
      69.5000      64.3880      64.3596      70.3204      68.5422
      70.0000      64.9590      64.8496      70.7872      69.0190
      70.5000      65.4703      65.3374      71.2680      69.4658
      71.0000      65.9920      65.8108      71.7472      69.9361
      71.5000      66.4902      66.2974      72.2279      70.4081
      72.0000      66.9811      66.8326      72.6960      70.8788
      72.5000      67.4531      67.3509      73.1722      71.3507
      73.0000      67.9341      67.8378      73.6664      71.7995
      73.5000      68.4001      68.3371      74.1322      72.2507
      74.0000      68.8888      68.8302      74.6377      72.7188
      74.5000      69.3642      69.3376      75.1465      73.2258
      75.0000      69.8683      69.8395      75.6929      73.7282
      75.5000      70.3748      70.3384      76.2367      74.2334
      76.0000      70.8865      70.8457      76.7808      74.7231
      76.5000      71.3888      71.3533      77.3255      75.2284
      77.0000      71.9120      71.8878      77.8510      75.7393
      77.5000      72.4209      72.4196      78.4043      76.2338
      78.0000      72.9589      72.9314      78.9213      76.7156
      78.5000      73.4672      73.4436      79.4623      77.2067
      79.0000      74.0032      73.9764      79.9359      77.7199
      79.5000      74.5155      74.4966      80.4040      78.2330
      80.0000      75.0425      75.0151      80.8922      78.7534
      80.5000      75.5709      75.5218      81.3785      79.2523
      81.0000      76.0765      76.0207      81.8545      79.7540
      81.5000      76.5492      76.5317      82.3277      80.2511
      82.0000      77.0537      77.0473      82.7967      80.7259
      82.5000      77.5408      77.5449      83.2906      81.2119
      83.0000      78.0349      78.0305      83.7670      81.6858
      83.5000      78.5202      78.4891      84.2603      82.1830
      84.0000      79.0143      78.9631      84.7625      82.6868
      84.5000      79.4897      79.4359      85.2802      83.1600
      85.0000      79.9968      79.9234      85.7845      83.6200
      85.5000      80.4919      80.3986      86.2915      84.0939
      86.0000      80.9918      80.8864      86.7926      84.5771
      86.5000      81.4783      81.3915      87.3055      85.0667
      87.0000      81.9533      81.9152      87.7963      85.5695
      87.5000      82.4374      82.4430      88.2711      86.0515
      88.0000      82.9176      82.9872      88.7434      86.5298
      88.5000      83.3809      83.5276      89.2370      87.0234
      89.0000      83.9017      84.0751      89.7090      87.5376
      89.5000      84.4474      84.5513      90.1663      88.0409
      90.0000      85.0397      84.9989      90.6247      88.5221
      90.5000      85.6380      85.4239      91.0850      88.9952
      91.0000      86.2343      85.8652      91.5301      89.4460
      91.5000      86.7480      86.3256      91.9784      89.8788
      92.0000      87.2329      86.7743      92.4371      90.3370
      92.5000      87.7031      87.2425      92.8865      90.8008
      93.0000      88.1773      87.7643      93.3746      91.2814
      93.5000      88.6333      88.2978      93.8641      91.7678
      94.0000      89.1040      88.8361      94.3889      92.2490
      94.5000      89.5839      89.3646      94.9239      92.7331
      95.0000      90.0721      89.8775      95.4569      93.2296
      95.5000      90.5717      90.3717      96.0093      93.7388
      96.0000      91.0696      90.8615      96.5299      94.2408
      96.5000      91.5891      91.3632      97.0429      94.7270
      97.0000      92.1047      91.8868      97.5436      95.2189
      97.5000      92.6412      92.4316      98.0590      95.7106
      98.0000      93.1852      92.9729      98.5599      96.1953
      98.5000      93.7091      93.5236      99.0515      96.6810
      99.0000      94.2113      94.0484      99.5350      97.1815
      99.5000      94.7218      94.5539      100.032      97.7057
      100.000      95.2258      95.0976      100.511      98.2242
      100.500      95.7088      95.5994      100.997      98.7250
      101.000      96.1923      96.0894      101.476      99.2191
      101.500      96.7063      96.5784      101.939      99.6871
      102.000      97.1963      97.0741      102.423      100.129
      102.500      97.7086      97.5721      102.907      100.624
      103.000      98.2005      98.0510      103.422      101.098
      103.500      98.6814      98.5404      103.933      101.564
      104.000      99.1641      99.0251      104.432      102.020
      104.500      99.6848      99.5226      104.926      102.510
      105.000      100.187      100.036      105.399      103.002
      105.500      100.679      100.542      105.876      103.491
      106.000      101.164      101.045      106.357      103.957
      106.500      101.686      101.526      106.849      104.452
      107.000      102.231      102.002      107.339      104.938
      107.500      102.777      102.453      107.823      105.428
      108.000      103.333      102.920      108.319      105.912
      108.500      103.889      103.386      108.809      106.396
      109.000      104.403      103.882      109.281      106.890
      109.500      104.909      104.400      109.733      107.398
      110.000      105.391      104.904      110.193      107.863
      110.500      105.886      105.409      110.645      108.332
      111.000      106.378      105.939      111.106      108.774
      111.500      106.885      106.434      111.553      109.224
      112.000      107.358      106.951      112.025      109.690
      112.500      107.842      107.440      112.498      110.146
      113.000      108.329      107.931      112.999      110.638
      113.500      108.830      108.420      113.487      111.109
      114.000      109.331      108.919      113.980      111.594
      114.500      109.829      109.429      114.473      112.073
      115.000      110.323      109.941      114.980      112.553
      115.500      110.840      110.437      115.491      113.013
      116.000      111.351      110.963      115.993      113.524
      116.500      111.896      111.476      116.509      114.014
      117.000      112.434      112.013      117.002      114.517
      117.500      112.977      112.564      117.505      115.039
      118.000      113.499      113.094      118.041      115.567
      118.500      114.030      113.618      118.546      116.107
      119.000      114.566      114.148      119.026      116.632
      119.500      115.090      114.670      119.519      117.134
      120.000      115.603      115.193      120.035      117.635
      120.500      116.136      115.704      120.541      118.121
      121.000      116.652      116.224      121.033      118.585
      121.500      117.161      116.735      121.540      119.054
      122.000      117.672      117.245      122.039      119.526
      122.500      118.177      117.756      122.528      119.989
      123.000      118.677      118.244      122.994      120.458
      123.500      119.165      118.731      123.489      120.929
      124.000      119.634      119.229      124.002      121.379
      124.500      120.104      119.736      124.515      121.866
      125.000      120.570      120.249      124.996      122.353
      125.500      121.039      120.805      125.489      122.843
      126.000      121.533      121.344      125.974      123.325
      126.500      122.042      121.866      126.462      123.809
      127.000      122.569      122.382      126.935      124.310
      127.500      123.163      122.866      127.410      124.829
      128.000      123.757      123.337      127.874      125.350
      128.500      124.337      123.798      128.350      125.867
      129.000      124.903      124.272      128.838      126.375
      129.500      125.415      124.784      129.315      126.865
      130.000      125.888      125.306      129.774      127.342
      130.500      126.370      125.816      130.194      127.820
      131.000      126.870      126.326      130.635      128.287
      131.500      127.366      126.857      131.096      128.749
      132.000      127.839      127.383      131.554      129.218
      132.500      128.336      127.908      132.037      129.686
      133.000      128.839      128.417      132.526      130.143
      133.500      129.342      128.933      133.023      130.623
      134.000      129.844      129.433      133.534      131.086
      134.500      130.354      129.954      134.055      131.577
      135.000      130.872      130.458      134.584      132.075
      135.500      131.392      130.982      135.121      132.598
      136.000      131.900      131.505      135.646      133.109
      136.500      132.423      132.035      136.171      133.617
      137.000      132.976      132.549      136.692      134.104
      137.500      133.515      133.080      137.202      134.614
      138.000      134.046      133.613      137.716      135.139
      138.500      134.572      134.171      138.200      135.697
      139.000      135.089      134.721      138.671      136.220
      139.500      135.614      135.263      139.153      136.728
      140.000      136.139      135.779      139.631      137.238
      140.500      136.620      136.296      140.097      137.744
      141.000      137.113      136.802      140.594      138.226
      141.500      137.592      137.319      141.113      138.706
      142.000      138.061      137.809      141.597      139.187
      142.500      138.562      138.305      142.113      139.664
      143.000      139.047      138.769      142.639      140.147
      143.500      139.541      139.237      143.139      140.608
      144.000      140.030      139.707      143.607      141.058
      144.500      140.541      140.199      144.122      141.512
      145.000      141.060      140.673      144.631      141.969
      145.500      141.570      141.146      145.125      142.454
      146.000      142.072      141.637      145.610      142.956
      146.500      142.572      142.151      146.101      143.462
      147.000      143.058      142.666      146.600      143.967
      147.500      143.540      143.202      147.085      144.461
      148.000      144.022      143.785      147.550      144.959
      148.500      144.507      144.327      147.998      145.458
      149.000      145.047      144.826      148.437      145.952
      149.500      145.608      145.277      148.862      146.456
      150.000      146.174      145.709      149.310      146.949
      150.500      146.727      146.153      149.771      147.424
      151.000      147.262      146.630      150.225      147.897
      151.500      147.763      147.113      150.686      148.362
      152.000      148.243      147.612      151.145      148.817
      152.500      148.716      148.135      151.620      149.291
      153.000      149.173      148.637      152.077      149.739
      153.500      149.659      149.162      152.563      150.197
      154.000      150.156      149.697      153.047      150.664
      154.500      150.642      150.224      153.538      151.162
      155.000      151.144      150.755      154.064      151.657
      155.500      151.662      151.264      154.624      152.162
      156.000      152.202      151.808      155.168      152.663
      156.500      152.758      152.350      155.687      153.158
      157.000      153.300      152.906      156.194      153.644
      157.500      153.807      153.439      156.702      154.140
      158.000      154.317      153.969      157.220      154.658
      158.500      154.865      154.499      157.739      155.180
      159.000      155.386      155.053      158.228      155.702
      159.500      155.925      155.564      158.721      156.218
      160.000      156.431      156.101      159.216      156.711
      160.500      156.927      156.605      159.706      157.216
      161.000      157.420      157.140      160.210      157.699
      161.500      157.928      157.641      160.697      158.164
      162.000      158.413      158.145      161.185      158.616
      162.500      158.932      158.626      161.664      159.115
      163.000      159.422      159.135      162.164      159.604
      163.500      159.899      159.634      162.665      160.071
      164.000      160.365      160.145      163.147      160.534
      164.500      160.844      160.626      163.632      161.038
      165.000      161.347      161.115      164.124      161.547
      165.500      161.898      161.578      164.612      162.060
      166.000      162.450      162.070      165.123      162.542
      166.500      163.005      162.584      165.641      163.068
      167.000      163.553      163.119      166.137      163.573
      167.500      164.082      163.637      166.623      164.118
      168.000      164.595      164.140      167.108      164.644
      168.500      165.103      164.651      167.587      165.169
      169.000      165.597      165.176      168.057      165.667
      169.500      166.092      165.696      168.522      166.169
      170.000      166.595      166.223      168.987      166.644
      170.500      167.097      166.756      169.466      167.154
      171.000      167.570      167.262      169.930      167.624
      171.500      168.050      167.745      170.384      168.099
      172.000      168.531      168.220      170.845      168.556
      172.500      169.027      168.731      171.308      169.005
      173.000      169.511      169.229      171.816      169.458
      173.500      170.018      169.749      172.313      169.907
      174.000      170.521      170.258      172.824      170.378
      174.500      171.035      170.801      173.337      170.855
      175.000      171.554      171.306      173.845      171.347
      175.500      172.081      171.844      174.379      171.852
      176.000      172.605      172.360      174.923      172.371
      176.500      173.123      172.919      175.436      172.906
      177.000      173.658      173.426      175.951      173.449
      177.500      174.205      173.964      176.470      173.983
      178.000      174.742      174.480      176.980      174.511
      178.500      175.251      175.048      177.526      175.053
      179.000      175.776      175.577      178.038      175.586
      179.500      176.277      176.122      178.536      176.122
      180.000      176.777      176.605      179.033      176.633
      180.500      177.277      177.105      179.537      177.151
      181.000      177.794      177.578      180.027      177.653
      181.500      178.262      178.077      180.531      178.148
      182.000      178.740      178.565      181.033      178.654
      182.500      179.245      179.055      181.536      179.147
      183.000      179.706      179.539      182.038      179.622
      183.500      180.179      180.031      182.545      180.105
      184.000      180.675      180.520      183.058      180.589
      184.500      181.141      181.026      183.558      181.085
      185.000      181.602      181.528      184.077      181.590
      185.500      182.067      182.053      184.583      182.094
      186.000      182.548      182.555      185.090      182.583
      186.500      183.050      183.064      185.606      183.096
      187.000      183.577      183.542      186.131      183.607
      187.500      184.153      183.983      186.625      184.147
      188.000      184.755      184.431      187.094      184.676
      188.500      185.347      184.898      187.580      185.229
      189.000      185.877      185.366      188.062      185.746
      189.500      186.359      185.867      188.573      186.246
      190.000      186.858      186.353      189.042      186.724
      190.500      187.361      186.856      189.514      187.199
      191.000      187.838      187.344      189.978      187.702
      191.500      188.273      187.835      190.440      188.194
      192.000      188.693      188.341      190.920      188.657
      192.500      189.191      188.848      191.380      189.132
      193.000      189.679      189.361      191.847      189.591
      193.500      190.163      189.871      192.329      190.063
      194.000      190.655      190.388      192.823      190.533
      194.500      191.172      190.932      193.352      191.036
      195.000      191.684      191.464      193.918      191.557
      195.500      192.198      192.003      194.477      192.084
      196.000      192.731      192.559      195.036      192.616
      196.500      193.276      193.083      195.584      193.133
      197.000      193.816      193.579      196.116      193.640
      197.500      194.406      194.121      196.661      194.161
      198.000      194.960      194.665      197.179      194.693
      198.500      195.454      195.184      197.699      195.257
      199.000      195.954      195.674      198.204      195.815
      199.500      196.500      196.178      198.698      196.348
      200.000      197.031      196.665      199.173      196.846
      200.500      197.557      197.158      199.659      197.372
      201.000      197.977      197.638      200.140      197.893
      201.500      198.359      198.109      200.645      198.415
      202.000      198.753      198.575      201.143      198.904
      202.500      199.215      199.044      201.636      199.395
      203.000      199.717      199.506      202.145      199.879
      203.500      200.189      199.970      202.646      200.385
      204.000      200.641      200.447      203.136      200.878
      204.500      201.131      200.948      203.651      201.363
      205.000      201.639      201.454      204.154      201.883
      205.500      202.126      201.968      204.705      202.409
      206.000      202.600      202.516      205.233      202.921
      206.500      203.059      203.041      205.767      203.412
      207.000      203.536      203.566      206.280      203.911
      207.500      204.036      204.072      206.772      204.431
      208.000      204.564      204.549      207.269      204.962
      208.500      205.144      205.005      207.764      205.479
      209.000      205.692      205.458      208.258      205.992
      209.500      206.285      205.885      208.725      206.496
      210.000      206.823      206.328      209.190      207.001
      210.500      207.313      206.778      209.667      207.505
      211.000      207.761      207.261      210.134      207.988
      211.500      208.210      207.787      210.584      208.496
      212.000      208.684      208.323      211.027      208.997
      212.500      209.197      208.838      211.488      209.499
      213.000      209.675      209.346      211.960      210.004
      213.500      210.133      209.846      212.449      210.499
      214.000      210.608      210.352      212.967      210.986
      214.500      211.089      210.851      213.527      211.507
      215.000      211.588      211.373      214.075      212.015
      215.500      212.079      211.891      214.640      212.539
      216.000      212.628      212.421      215.198      213.047
      216.500      213.138      212.937      215.749      213.576
      217.000      213.618      213.478      216.282      214.088
      217.500      214.112      213.996      216.784      214.602
      218.000      214.618      214.538      217.306      215.138
      218.500      215.158      215.062      217.833      215.648
      219.000      215.815      215.560      218.356      216.184
      219.500      216.346      216.053      218.860      216.732
      220.000      216.789      216.551      219.347      217.288
      220.500      217.215      217.028      219.832      217.817
      221.000      217.660      217.494      220.317      218.319
      221.500      218.070      217.971      220.818      218.820
      222.000      218.569      218.449      221.343      219.299
      222.500      219.086      218.933      221.869      219.767
      223.000      219.633      219.428      222.376      220.245
      223.500      220.092      219.910      222.855      220.738
      224.000      220.514      220.395      223.363      221.241
      224.500      221.020      220.860      223.892      221.752
      225.000      221.484      221.331      224.438      222.241
      225.500      221.983      221.810      224.940      222.762
      226.000      222.538      222.279      225.431      223.259
      226.500      223.086      222.747      225.929      223.781
      227.000      223.629      223.232      226.462      224.331
      227.500      224.167      223.698      226.983      224.866
      228.000      224.674      224.222      227.512      225.406
      228.500      225.151      224.735      228.031      225.916
      229.000      225.611      225.253      228.526      226.452
      229.500      226.064      225.742      229.002      226.964
      230.000      226.538      226.252      229.478      227.474
      230.500      227.019      226.767      229.958      227.975
      231.000      227.509      227.271      230.423      228.444
      231.500      228.004      227.777      230.875      228.891
      232.000      228.486      228.282      231.318      229.359
      232.500      228.960      228.772      231.788      229.839
      233.000      229.451      229.273      232.274      230.339
      233.500      229.968      229.781      232.761      230.817
      234.000      230.458      230.283      233.255      231.311
      234.500      230.975      230.788      233.755      231.824
      235.000      231.471      231.316      234.288      232.352
      235.500      231.979      231.839      234.830      232.871
      236.000      232.482      232.371      235.374      233.397
      236.500      233.008      232.890      235.925      233.921
      237.000      233.536      233.401      236.468      234.455
      237.500      234.052      233.931      237.006      235.012
      238.000      234.551      234.451      237.505      235.560
      238.500      235.058      234.950      238.005      236.088
      239.000      235.538      235.453      238.520      236.590
      239.500      236.028      235.953      239.039      237.130
      240.000      236.522      236.449      239.548      237.663
      240.500      237.006      236.925      240.055      238.184
      241.000      237.480      237.415      240.561      238.679
      241.500      237.962      237.885      241.085      239.179
      242.000      238.442      238.356      241.598      239.671
      242.500      238.899      238.813      242.109      240.155
      243.000      239.368      239.283      242.633      240.623
      243.500      239.835      239.751      243.153      241.088
      244.000      240.308      240.266      243.654      241.556
      244.500      240.783      240.798      244.156      242.052
      245.000      241.240      241.335      244.663      242.542
      245.500      241.711      241.839      245.183      243.046
      246.000      242.232      242.333      245.688      243.572
      246.500      242.798      242.789      246.191      244.100
      247.000      243.381      243.233      246.707      244.635
      247.500      243.953      243.664      247.209      245.177
      248.000      244.472      244.102      247.708      245.692
      248.500      244.977      244.561      248.217      246.238
      249.000      245.444      245.047      248.732      246.771
      249.500      245.933      245.567      249.215      247.304
      250.000      246.388      246.097      249.703      247.821
      250.500      246.852      246.618      250.181      248.331
      251.000      247.319      247.150      250.653      248.830
      251.500      247.808      247.669      251.117      249.330
      252.000      248.286      248.164      251.575      249.842
      252.500      248.756      248.643      252.056      250.335
      253.000      249.235      249.148      252.538      250.828
      253.500      249.728      249.639      253.015      251.298
      254.000      250.219      250.153      253.523      251.773
      254.500      250.736      250.675      254.057      252.274
      255.000      251.241      251.217      254.581      252.797
      255.500      251.745      251.770      255.116      253.331
      256.000      252.260      252.303      255.688      253.848
      256.500      252.777      252.820      256.259      254.365
      257.000      253.299      253.355      256.828      254.881
      257.500      253.809      253.936      257.366      255.441
      258.000      254.337      254.486      257.904      255.988
      258.500      254.861      254.996      258.459      256.527
      259.000      255.348      255.479      258.979      257.071
      259.500      255.813      255.969      259.495      257.636
      260.000      256.271      256.449      260.005      258.193
      260.500      256.749      256.937      260.506      258.745
      261.000      257.227      257.423      261.024      259.313
      261.500      257.729      257.905      261.528      259.829
      262.000      258.199      258.370      261.992      260.343
      262.500      258.674      258.817      262.478      260.834
      263.000      259.151      259.265      262.998      261.349
      263.500      259.624      259.727      263.537      261.868
      264.000      260.112      260.200      264.052      262.384
      264.500      260.613      260.688      264.568      262.884
      265.000      261.120      261.180      265.095      263.368
      265.500      261.628      261.677      265.616      263.840
      266.000      262.083      262.202      266.112      264.351
      266.500      262.536      262.734      266.645      264.858
      267.000      262.994      263.324      267.166      265.382
      267.500      263.447      263.858      267.699      265.895
      268.000      263.929      264.354      268.206      266.416
      268.500      264.460      264.822      268.719      266.943
      269.000      265.036      265.250      269.220      267.473
      269.500      265.598      265.674      269.704      267.987
      270.000      266.160      266.094      270.160      268.523
      270.500      266.687      266.525      270.643      269.038
      271.000      267.172      266.973      271.122      269.556
      271.500      267.638      267.464      271.587      270.058
      272.000      268.101      268.001      272.037      270.553
      272.500      268.567      268.546      272.489      271.054
      273.000      269.018      269.079      272.964      271.536
      273.500      269.496      269.608      273.444      272.008
      274.000      269.979      270.141      273.955      272.485
      274.500      270.469      270.652      274.477      272.982
      275.000      270.952      271.171      275.015      273.476
      275.500      271.449      271.676      275.541      273.981
      276.000      271.974      272.196      276.061      274.504
      276.500      272.477      272.715      276.592      275.018
      277.000      272.995      273.247      277.141      275.558
      277.500      273.493      273.794      277.706      276.092
      278.000      274.015      274.327      278.253      276.643
      278.500      274.539      274.841      278.780      277.211
      279.000      275.043      275.341      279.303      277.765
      279.500      275.534      275.857      279.790      278.296
      280.000      276.022      276.363      280.317      278.843
      280.500      276.511      276.848      280.856      279.388
      281.000      277.004      277.315      281.390      279.903
      281.500      277.471      277.789      281.932      280.422
      282.000      277.942      278.280      282.467      280.923
      282.500      278.421      278.767      282.968      281.413
      283.000      278.875      279.254      283.470      281.888
      283.500      279.346      279.743      283.957      282.361
      284.000      279.819      280.249      284.472      282.841
      284.500      280.289      280.759      284.985      283.376
      285.000      280.777      281.232      285.500      283.885
      285.500      281.286      281.667      286.004      284.411
      286.000      281.813      282.099      286.504      284.934
      286.500      282.359      282.534      287.007      285.455
      287.000      282.904      282.998      287.526      285.985
      287.500      283.412      283.464      288.044      286.522
      288.000      283.910      283.969      288.557      287.071
      288.500      284.402      284.458      289.072      287.618
      289.000      284.879      284.964      289.580      288.128
      289.500      285.363      285.453      290.085      288.642
      290.000      285.846      285.978      290.576      289.131
      290.500      286.306      286.460      291.056      289.665
      291.000      286.763      286.959      291.538      290.167
      291.500      287.231      287.439      292.012      290.665
      292.000      287.711      287.948      292.488      291.146
      292.500      288.207      288.448      292.964      291.611
      293.000      288.697      288.947      293.452      292.095
      293.500      289.175      289.429      293.943      292.575
      294.000      289.660      289.935      294.462      293.053
      294.500      290.166      290.419      294.991      293.537
      295.000      290.668      290.927      295.486      294.031
      295.500      291.168      291.439      295.991      294.548
      296.000      291.661      291.974      296.518      295.080
      296.500      292.174      292.509      297.020      295.600
      297.000      292.686      293.052      297.535      296.146
      297.500      293.218      293.586      298.050      296.697
      298.000      293.731      294.137      298.565      297.264
      298.500      294.246      294.652      299.079      297.811
      299.000      294.771      295.174      299.593      298.334
      299.500      295.252      295.691      300.107      298.853
      300.000      295.724      296.215      300.621      299.427
      300.500      296.195      296.682      301.135      299.969
      301.000      296.667      297.184      301.649      300.518
      301.500      297.138      297.691      302.163      301.060
      302.000      297.610      298.127      302.677      301.574
      302.500      298.082      298.597      303.190      302.077
      303.000      298.553      299.080      303.704      302.585
      303.500      299.025      299.552      304.217      303.073
      304.000      299.497      300.024      304.729      303.579
      304.500      299.969      300.503      305.242      304.084
      305.000      300.440      300.990      305.755      304.607
      305.500      300.912      301.513      306.267      305.125
      306.000      301.384      302.029      306.780      305.647
      306.500      301.855      302.533      307.292      306.174
      307.000      302.327      303.023      307.804      306.694
      307.500      302.798      303.477      308.316      307.202
      308.000      303.270      303.902      308.828      307.709
      308.500      303.742      304.331      309.341      308.244
      309.000      304.213      304.779      309.865      308.804
      309.500      304.685      305.209      310.357      309.360
      310.000      305.157      305.708      310.868      309.855
      310.500      305.628      306.224      311.371      310.531
      311.000      306.100      306.671      311.906      311.086
      311.500      306.572      307.157      312.387      311.615
      312.000      307.052      307.666      312.918      312.120
      312.500      307.545      308.188      313.414      312.632
      313.000      308.037      308.704      313.950      313.137
      313.500      308.545      309.180      314.446      313.668
      314.000      309.045      309.664      314.953      314.176
      314.500      309.545      310.155      315.460      314.710
      315.000      310.045      310.678      315.967      315.215
