412.0  0.0 -4.907  -2.175  3.180
443.0  0.0 -4.725  -2.391  3.098
490.0  0.0 -3.727  -2.323  2.521
510.0  0.0 -2.686  -1.796  1.935
555.0  0.0 -2.068  -1.543  1.747
412.0 30.0 -4.7636 -2.1269 3.1752
443.0 30.0 -4.6216 -2.3587 3.1235
490.0 30.0 -3.6636 -2.3116 2.5648
510.0 30.0 -2.670  -1.802  2.000
555.0 30.0 -2.0152 -1.5296 1.7751
412.0 60.0 -4.2338 -1.9137 2.9756
443.0 60.0 -4.1719 -2.1564 2.9865
490.0 60.0 -3.3628 -2.1597 2.5131
510.0 60.0 -2.549  -1.742  2.074
555.0 60.0 -1.8334 -1.4253 1.7473
